-- POP PEAK
-- quest
INSERT INTO `item_template` (`entry`, `class`, `subclass`, `SoundOverrideSubclass`, `name`, `displayid`, `Quality`, `Flags`, `FlagsExtra`, `BuyCount`, `BuyPrice`, `SellPrice`, `InventoryType`, `AllowableClass`, `AllowableRace`, `ItemLevel`, `RequiredLevel`, `RequiredSkill`, `RequiredSkillRank`, `requiredspell`, `requiredhonorrank`, `RequiredCityRank`, `RequiredReputationFaction`, `RequiredReputationRank`, `maxcount`, `stackable`, `ContainerSlots`, `StatsCount`, `stat_type1`, `stat_value1`, `stat_type2`, `stat_value2`, `stat_type3`, `stat_value3`, `stat_type4`, `stat_value4`, `stat_type5`, `stat_value5`, `stat_type6`, `stat_value6`, `stat_type7`, `stat_value7`, `stat_type8`, `stat_value8`, `stat_type9`, `stat_value9`, `stat_type10`, `stat_value10`, `ScalingStatDistribution`, `ScalingStatValue`, `dmg_min1`, `dmg_max1`, `dmg_type1`, `dmg_min2`, `dmg_max2`, `dmg_type2`, `armor`, `holy_res`, `fire_res`, `nature_res`, `frost_res`, `shadow_res`, `arcane_res`, `delay`, `ammo_type`, `RangedModRange`, `spellid_1`, `spelltrigger_1`, `spellcharges_1`, `spellppmRate_1`, `spellcooldown_1`, `spellcategory_1`, `spellcategorycooldown_1`, `spellid_2`, `spelltrigger_2`, `spellcharges_2`, `spellppmRate_2`, `spellcooldown_2`, `spellcategory_2`, `spellcategorycooldown_2`, `spellid_3`, `spelltrigger_3`, `spellcharges_3`, `spellppmRate_3`, `spellcooldown_3`, `spellcategory_3`, `spellcategorycooldown_3`, `spellid_4`, `spelltrigger_4`, `spellcharges_4`, `spellppmRate_4`, `spellcooldown_4`, `spellcategory_4`, `spellcategorycooldown_4`, `spellid_5`, `spelltrigger_5`, `spellcharges_5`, `spellppmRate_5`, `spellcooldown_5`, `spellcategory_5`, `spellcategorycooldown_5`, `bonding`, `description`, `PageText`, `LanguageID`, `PageMaterial`, `startquest`, `lockid`, `Material`, `sheath`, `RandomProperty`, `RandomSuffix`, `block`, `itemset`, `MaxDurability`, `area`, `Map`, `BagFamily`, `TotemCategory`, `socketColor_1`, `socketContent_1`, `socketColor_2`, `socketContent_2`, `socketColor_3`, `socketContent_3`, `socketBonus`, `GemProperties`, `RequiredDisenchantSkill`, `ArmorDamageModifier`, `duration`, `ItemLimitCategory`, `HolidayId`, `ScriptName`, `DisenchantID`, `FoodType`, `minMoneyLoot`, `maxMoneyLoot`, `flagsCustom`, `WDBVerified`) VALUES 
(4000010, 4, 0, -1, 'Phoenix Pop 369 Trinket (Ranged)', 36540, 5, 1, 0, 1, 0, 0, 12, -1, -1, 0, 0, 0, 0, 0, 0, 0, 0, 0, 1, 1, 0, 10, 17, 150, 3, 150, 29, 100, 46, 100, 0, 0, 0, 0, 0, 0, 0, 0, 0, 0, 0, 0, 0, 0, 0, 0, 0, 0, 0, 0, 500, 50, 50, 50, 50, 50, 50, 0, 0, 0, 0, 0, 0, 0, 0, 0, 0, 0, 0, 0, 0, 0, 0, 0, 0, 0, 0, 0, 0, 0, 0, 0, 0, 0, 0, 0, 0, 0, 0, 0, 0, 0, 0, 0, 0, 1, 'Mother of mercy... I canna take many more inside of me!', 0, 0, 0, 0, 0, 3, 0, 0, 0, 0, 0, 0, 0, 0, 0, 0, 1, 0, 4, 0, 0, 0, 2787, 0, 0, 0, 0, 0, 0, '', 0, 0, 0, 0, 0, 1),
(4000009, 4, 0, -1, 'Phoenix Pop 369 Trinket (Melee)', 36540, 5, 1, 0, 1, 0, 0, 12, -1, -1, 0, 0, 0, 0, 0, 0, 0, 0, 0, 1, 1, 0, 10, 37, 150, 32, 100, 4, 150, 46, 100, 0, 0, 0, 0, 0, 0, 0, 0, 0, 0, 0, 0, 0, 0, 0, 0, 0, 0, 0, 0, 500, 50, 50, 50, 50, 50, 50, 0, 0, 0, 0, 0, 0, 0, 0, 0, 0, 0, 0, 0, 0, 0, 0, 0, 0, 0, 0, 0, 0, 0, 0, 0, 0, 0, 0, 0, 0, 0, 0, 0, 0, 0, 0, 0, 0, 1, 'Mother of mercy... I canna take many more inside of me!', 0, 0, 0, 0, 0, 3, 0, 0, 0, 0, 0, 0, 0, 0, 0, 0, 1, 0, 2, 0, 0, 0, 3877, 0, 0, 0, 0, 0, 0, '', 0, 0, 0, 0, 0, 1),
(4000008, 4, 0, -1, 'Phoenix Pop 369 Trinket (Caster)', 36540, 5, 1, 0, 1, 0, 0, 12, -1, -1, 0, 0, 0, 0, 0, 0, 0, 0, 0, 1, 1, 0, 10, 30, 150, 45, 150, 43, 100, 46, 100, 5, 50, 0, 0, 0, 0, 0, 0, 0, 0, 0, 0, 0, 0, 0, 0, 0, 0, 0, 0, 500, 50, 50, 50, 50, 50, 50, 0, 0, 0, 0, 0, 0, 0, 0, 0, 0, 0, 0, 0, 0, 0, 0, 0, 0, 0, 0, 0, 0, 0, 0, 0, 0, 0, 0, 0, 0, 0, 0, 0, 0, 0, 0, 0, 0, 1, 'Mother of mercy... I canna take many more inside of me!', 0, 0, 0, 0, 0, 3, 0, 0, 0, 0, 0, 0, 0, 0, 0, 0, 1, 0, 2, 0, 0, 0, 3353, 0, 0, 0, 0, 0, 0, '', 0, 0, 0, 0, 0, 1),

(821034, 4, 0, -1, 'Phoenix Pop Peak 351 Shades', 22423, 5, 1, 0, 1, 1000000000, 0, 1, -1, -1, 255, 80, 0, 0, 0, 0, 0, 0, 0, 1, 1, 0, 10, 7, 100, 0, 0, 0, 0, 0, 0, 0, 0, 0, 0, 0, 0, 0, 0, 0, 0, 0, 0, 0, 0, 0, 0, 0, 0, 0, 0, 1000, 0, 0, 0, 0, 0, 0, 0, 0, 0, 35868, 1, 0, 0, -1, 0, -1, 0, 0, 0, 0, 0, 0, 0, 0, 0, 0, 0, 0, 0, 0, 0, 0, 0, 0, 0, 0, 0, 0, 0, 0, 0, 0, 0, 0, 1, 'In celebration of another milestone in Phoenix, 10 Dec 2010.', 0, 0, 0, 0, 0, 3, 0, 0, 0, 0, 0, 1000, 0, 0, 0, 0, 1, 0, 4, 0, 8, 0, 3305, 0, 0, 0, 0, 0, 0, '', 0, 0, 0, 0, 0, 1),
(821028, 4, 0, -1, 'Phoenix Pop Peak 351 Shades', 22423, 5, 1, 0, 1, 1000000000, 0, 1, -1, -1, 255, 80, 0, 0, 0, 0, 0, 0, 0, 1, 1, 0, 10, 7, 100, 0, 0, 0, 0, 0, 0, 0, 0, 0, 0, 0, 0, 0, 0, 0, 0, 0, 0, 0, 0, 0, 0, 0, 0, 0, 0, 1000, 0, 0, 0, 0, 0, 0, 0, 0, 0, 75474, 1, 0, 0, -1, 0, -1, 0, 0, 0, 0, 0, 0, 0, 0, 0, 0, 0, 0, 0, 0, 0, 0, 0, 0, 0, 0, 0, 0, 0, 0, 0, 0, 0, 0, 1, 'In celebration of another milestone in Phoenix, 10 Dec 2010.', 0, 0, 0, 0, 0, 3, 0, 0, 0, 0, 0, 1000, 0, 0, 0, 0, 1, 0, 4, 0, 8, 0, 3305, 0, 0, 0, 0, 0, 0, '', 0, 0, 0, 0, 0, 1),
(821021, 4, 0, -1, 'Phoenix Pop Peak 347 Necklace', 31603, 5, 1, 0, 1, 1000000000, 0, 2, -1, -1, 255, 80, 0, 0, 0, 0, 0, 0, 0, 1, 1, 0, 10, 0, 0, 7, 100, 36, 100, 35, 125, 0, 0, 0, 0, 0, 0, 0, 0, 0, 0, 0, 0, 0, 0, 0, 0, 0, 0, 0, 0, 0, 0, 0, 0, 0, 0, 0, 0, 0, 0, 0, 0, 0, 0, -1, 0, -1, 57345, 1, 0, 0, -1, 0, -1, 0, 1, 0, 0, -1, 0, -1, 0, 0, 0, 0, 0, 0, 0, 0, 0, 0, 0, 0, 0, 0, 1, 'In celebration of another milestone in Phoenix, 2 Dec 2010.', 0, 0, 0, 0, 0, 3, 0, 0, 0, 0, 0, 1000, 0, 0, 0, 0, 4, 0, 8, 0, 0, 0, 3305, 0, 0, 0, 0, 0, 0, '', 0, 0, 0, 0, 0, 1),

(106021, 4, 1, -1, 'Phoenix Pop Peak 319 Cloak', 43110, 5, 1, 0, 1, 1000000000, 0, 16, -1, -1, 255, 80, 0, 0, 0, 0, 0, 0, 0, 1, 1, 0, 10, 7, 100, 4, 400, 0, 0, 0, 0, 0, 0, 0, 0, 0, 0, 0, 0, 0, 0, 0, 0, 0, 0, 0, 0, 0, 0, 0, 0, 300, 0, 0, 0, 0, 0, 0, 1000, 0, 0, 22590, 1, 0, 0, -1, 0, -1, 64786, 1, NULL, 0, -1, 0, -1, 55001, 0, NULL, 0, 60000, 0, -1, 72521, 1, NULL, 0, -1, 0, -1, 0, 0, NULL, 0, 0, 0, -1, 1, 'In celebration of another milestone in Phoenix, 18 October 2010.', 0, 0, 0, 0, 0, 0, 0, 0, 0, 0, 0, 0, 0, 0, 0, 0, 2, 0, 4, 0, 8, 0, 2688, 0, -1, 0, 0, 0, 0, '', 0, 0, 0, 0, 0, 15000),
(106020, 4, 1, -1, 'Phoenix Pop Peak 319 Cloak', 43110, 5, 1, 0, 1, 1000000000, 0, 16, -1, -1, 255, 80, 0, 0, 0, 0, 0, 0, 0, 1, 1, 0, 10, 7, 200, 45, 300, 0, 0, 0, 0, 0, 0, 0, 0, 0, 0, 0, 0, 0, 0, 0, 0, 0, 0, 0, 0, 0, 0, 0, 0, 300, 0, 0, 0, 0, 0, 0, 1000, 0, 0, 22590, 1, 0, 0, -1, 0, -1, 60490, 1, NULL, 0, -1, 0, -1, 55001, 0, NULL, 0, 60000, 0, -1, 72521, 1, NULL, 0, -1, 0, -1, 0, 0, NULL, 0, 0, 0, -1, 1, 'In celebration of another milestone in Phoenix, 18 October 2010.', 0, 0, 0, 0, 0, 0, 0, 0, 0, 0, 0, 0, 0, 0, 0, 0, 2, 0, 4, 0, 8, 0, 2688, 0, -1, 0, 0, 0, 0, '', 0, 0, 0, 0, 0, 15000),
(106019, 4, 1, -1, 'Phoenix Pop Peak 319 Cloak', 43110, 5, 1, 0, 1, 1000000000, 0, 16, -1, -1, 255, 80, 0, 0, 0, 0, 0, 0, 0, 1, 1, 0, 10, 7, 100, 3, 400, 0, 0, 0, 0, 0, 0, 0, 0, 0, 0, 0, 0, 0, 0, 0, 0, 0, 0, 0, 0, 0, 0, 0, 0, 300, 0, 0, 0, 0, 0, 0, 1000, 0, 0, 22590, 1, 0, 0, -1, 0, -1, 75457, 1, NULL, 0, -1, 0, -1, 55001, 0, NULL, 0, 60000, 0, -1, 72521, 1, NULL, 0, -1, 0, -1, 0, 0, NULL, 0, 0, 0, -1, 1, 'In celebration of another milestone in Phoenix, 18 October 2010.', 0, 0, 0, 0, 0, 0, 0, 0, 0, 0, 0, 0, 0, 0, 0, 0, 2, 0, 4, 0, 8, 0, 2688, 0, -1, 0, 0, 0, 0, '', 0, 0, 0, 0, 0, 15000),
(106018, 4, 1, -1, 'Phoenix Pop Peak 319 Cloak', 43110, 5, 1, 0, 1, 1000000000, 0, 16, -1, -1, 255, 80, 0, 0, 0, 0, 0, 0, 0, 1, 1, 0, 10, 7, 200, 45, 300, 0, 0, 0, 0, 0, 0, 0, 0, 0, 0, 0, 0, 0, 0, 0, 0, 0, 0, 0, 0, 0, 0, 0, 0, 300, 0, 0, 0, 0, 0, 0, 1000, 0, 0, 22590, 1, 0, 0, -1, 0, -1, 60493, 1, NULL, 0, -1, 0, -1, 72521, 1, 0, 0, -1, 0, -1, 55001, 0, NULL, 0, 60000, 0, -1, 0, 0, NULL, 0, 0, 0, -1, 1, 'In celebration of another milestone in Phoenix, 18 October 2010.', 0, 0, 0, 0, 0, 0, 0, 0, 0, 0, 0, 0, 0, 0, 0, 0, 2, 0, 4, 0, 8, 0, 2688, 0, -1, 0, 0, 0, 0, '', 0, 0, 0, 0, 0, 15000),

(106017, 4, 1, -1, 'Phoenix Pop Peak 305 Shirt', 59430, 5, 1, 0, 1, 1000000000, 0, 4, -1, -1, 255, 80, 0, 0, 0, 0, 0, 0, 0, 1, 1, 0, 10, 7, 150, 3, 100, 46, 50, 0, 0, 0, 0, 0, 0, 0, 0, 0, 0, 0, 0, 0, 0, 0, 0, 0, 0, 0, 0, 0, 0, 0, 0, 0, 0, 0, 0, 0, 1000, 0, 0, 63388, 0, 0, 0, 0, 0, 0, 0, 0, NULL, 0, 0, 0, -1, 0, 0, NULL, 0, 0, 0, -1, 0, 0, NULL, 0, 0, 0, -1, 0, 0, NULL, 0, 0, 0, -1, 1, 'In celebration of another milestone in Phoenix, 18 September 2010.', 0, 0, 0, 0, 0, 0, 0, 0, 0, 0, 0, 0, 0, 0, 0, 0, 2, 0, 4, 0, 8, 0, 3313, 0, -1, 0, 0, 0, 0, '', 0, 0, 0, 0, 0, 15000),
(106016, 4, 1, -1, 'Phoenix Pop Peak 305 Shirt', 59430, 5, 1, 0, 1, 1000000000, 0, 4, -1, -1, 255, 80, 0, 0, 0, 0, 0, 0, 0, 1, 1, 0, 10, 7, 150, 5, 100, 46, 50, 0, 0, 0, 0, 0, 0, 0, 0, 0, 0, 0, 0, 0, 0, 0, 0, 0, 0, 0, 0, 0, 0, 0, 0, 0, 0, 0, 0, 0, 1000, 0, 0, 63388, 0, 0, 0, 0, 0, 0, 0, 0, NULL, 0, 0, 0, -1, 0, 0, NULL, 0, 0, 0, -1, 0, 0, NULL, 0, 0, 0, -1, 0, 0, NULL, 0, 0, 0, -1, 1, 'In celebration of another milestone in Phoenix, 18 September 2010.', 0, 0, 0, 0, 0, 0, 0, 0, 0, 0, 0, 0, 0, 0, 0, 0, 2, 0, 4, 0, 8, 0, 3353, 0, -1, 0, 0, 0, 0, '', 0, 0, 0, 0, 0, 15000),
(106015, 4, 1, -1, 'Phoenix Pop Peak 305 Shirt', 59430, 5, 1, 0, 1, 1000000000, 0, 4, -1, -1, 255, 80, 0, 0, 0, 0, 0, 0, 0, 1, 1, 0, 10, 7, 150, 4, 100, 46, 50, 0, 0, 0, 0, 0, 0, 0, 0, 0, 0, 0, 0, 0, 0, 0, 0, 0, 0, 0, 0, 0, 0, 0, 0, 0, 0, 0, 0, 0, 1000, 0, 0, 63388, 0, 0, 0, 0, 0, 0, 0, 0, NULL, 0, 0, 0, -1, 0, 0, NULL, 0, 0, 0, -1, 0, 0, NULL, 0, 0, 0, -1, 0, 0, NULL, 0, 0, 0, -1, 1, 'In celebration of another milestone in Phoenix, 18 September 2010.', 0, 0, 0, 0, 0, 0, 0, 0, 0, 0, 0, 0, 0, 0, 0, 0, 2, 0, 4, 0, 8, 0, 3312, 0, -1, 0, 0, 0, 0, '', 0, 0, 0, 0, 0, 15000),

(103010, 4, 1, -1, 'Blank Phoenix Pop Peak 305 Shirt', 0, 5, 1, 0, 1, 1000000000, 0, 4, -1, -1, 255, 80, 0, 0, 0, 0, 0, 0, 0, 1, 1, 0, 10, 7, 150, 3, 100, 46, 50, 0, 0, 0, 0, 0, 0, 0, 0, 0, 0, 0, 0, 0, 0, 0, 0, 0, 0, 0, 0, 0, 0, 0, 0, 0, 0, 0, 0, 0, 1000, 0, 0, 63388, 0, 0, 0, 0, 0, 0, 0, 0, NULL, 0, -1, 0, -1, 0, 0, NULL, 0, -1, 0, -1, 0, 0, NULL, 0, -1, 0, -1, 0, 0, NULL, 0, -1, 0, -1, 1, 'In celebration of another milestone in Phoenix, 18 September 2010.This is the no display version', 0, 0, 0, 0, 0, 0, 0, 0, 0, 0, 0, 0, 0, 0, 0, 0, 2, 0, 4, 0, 8, 0, 3313, 0, -1, 0, 0, 0, 0, '', 0, 0, 0, 0, 0, 1),
(103009, 4, 1, -1, 'Blank Phoenix Pop Peak 305 Shirt', 0, 5, 1, 0, 1, 1000000000, 0, 4, -1, -1, 255, 80, 0, 0, 0, 0, 0, 0, 0, 1, 1, 0, 10, 7, 150, 5, 100, 46, 50, 0, 0, 0, 0, 0, 0, 0, 0, 0, 0, 0, 0, 0, 0, 0, 0, 0, 0, 0, 0, 0, 0, 0, 0, 0, 0, 0, 0, 0, 1000, 0, 0, 63388, 0, 0, 0, 0, 0, 0, 0, 0, NULL, 0, -1, 0, -1, 0, 0, NULL, 0, -1, 0, -1, 0, 0, NULL, 0, -1, 0, -1, 0, 0, NULL, 0, -1, 0, -1, 1, 'In celebration of another milestone in Phoenix, 18 September 2010.This is the no display version', 0, 0, 0, 0, 0, 0, 0, 0, 0, 0, 0, 0, 0, 0, 0, 0, 2, 0, 4, 0, 8, 0, 3353, 0, -1, 0, 0, 0, 0, '', 0, 0, 0, 0, 0, 1),
(103008, 4, 1, -1, 'Blank Phoenix Pop Peak 305 Shirt', 0, 5, 1, 0, 1, 1000000000, 0, 4, -1, -1, 255, 80, 0, 0, 0, 0, 0, 0, 0, 1, 1, 0, 10, 7, 150, 4, 100, 46, 50, 0, 0, 0, 0, 0, 0, 0, 0, 0, 0, 0, 0, 0, 0, 0, 0, 0, 0, 0, 0, 0, 0, 0, 0, 0, 0, 0, 0, 0, 1000, 0, 0, 63388, 0, 0, 0, 0, 0, 0, 0, 0, NULL, 0, -1, 0, -1, 0, 0, NULL, 0, -1, 0, -1, 0, 0, NULL, 0, -1, 0, -1, 0, 0, NULL, 0, -1, 0, -1, 1, 'In celebration of another milestone in Phoenix, 18 September 2010.This is the no display version', 0, 0, 0, 0, 0, 0, 0, 0, 0, 0, 0, 0, 0, 0, 0, 0, 2, 0, 4, 0, 8, 0, 3312, 0, -1, 0, 0, 0, 0, '', 0, 0, 0, 0, 0, 1),
(
400022, 1, 0, -1, 'Phoenix Pop Peak 288 Bag', 21202, 5, 1, 0, 1, 1000000000, 0, 18, 1032, -1, 255, 80, 0, 0, 0, 0, 0, 0, 0, 1, 1, 36, 10, 7, 100, 37, 100, 46, 25, 0, 0, 0, 0, 0, 0, 0, 0, 0, 0, 0, 0, 0, 0, 0, 0, 0, 0, 0, 0, 0, 0, 0, 0, 0, 0, 0, 0, 0, 1000, 0, 0, 28812, 1, 0, 0, -1, 0, -1, 70726, 1, NULL, 0, -1, 0, -1, 0, 1, NULL, 0, -1, 0, -1, 0, 0, NULL, 0, 0, 0, -1, 0, 0, NULL, 0, 0, 0, -1, 1, 'In celebration of another milestone in Phoenix, 18 July 2010.', 0, 0, 0, 0, 0, 0, 0, 0, 0, 0, 0, 0, 0, 0, 0, 0, 0, 0, 0, 0, 0, 0, 0, 0, -1, 0, 0, 0, 0, '', 0, 0, 0, 0, 0, 15000),
(400021, 1, 0, -1, 'Phoenix Bag of pitty', 11448, 4, 0, 0, 1, 1000000, 0, 18, -1, -1, 255, 0, 0, 0, 0, 0, 0, 0, 0, 0, 1, 36, 0, 0, 0, 0, 0, 0, 0, 0, 0, 0, 0, 0, 0, 0, 0, 0, 0, 0, 0, 0, 0, 0, 0, 0, 0, 0, 0, 0, 0, 0, 0, 0, 0, 0, 0, 0, 1000, 0, 0, 0, 0, NULL, 0, 0, 0, -1, 0, 0, NULL, 0, 0, 0, -1, 0, 0, NULL, 0, 0, 0, -1, 0, 0, NULL, 0, 0, 0, -1, 0, 0, NULL, 0, 0, 0, -1, 1, 'Sorry about the Bags', 0, 0, 0, 0, 0, 0, 0, 0, 0, 0, 0, 0, 0, 0, 0, 0, 0, 0, 0, 0, 0, 0, 0, 0, -1, 0, 0, 0, 0, '', 0, 0, 0, 0, 0, 15000),
(400012, 1, 0, -1, 'Phoenix Pop Peak 288 Bag', 21202, 5, 1, 0, 1, 1000000000, 0, 18, 35, -1, 255, 80, 0, 0, 0, 0, 0, 0, 0, 1, 1, 36, 10, 7, 100, 4, 100, 46, 25, 0, 0, 0, 0, 0, 0, 0, 0, 0, 0, 0, 0, 0, 0, 0, 0, 0, 0, 0, 0, 0, 0, 0, 0, 0, 0, 0, 0, 0, 1000, 0, 0, 37611, 1, 0, 0, -1, 0, -1, 0, 1, NULL, 0, -1, 0, -1, 0, 1, NULL, 0, -1, 0, -1, 0, 0, NULL, 0, 0, 0, -1, 0, 0, NULL, 0, 0, 0, -1, 1, 'In celebration of another milestone in Phoenix, 18 July 2010.', 0, 0, 0, 0, 0, 0, 0, 0, 0, 0, 0, 0, 0, 0, 0, 0, 0, 0, 0, 0, 0, 0, 0, 0, -1, 0, 0, 0, 0, '', 0, 0, 0, 0, 0, 15000),
(400011, 1, 0, -1, 'Phoenix Pop Peak 288 Bag', 21202, 5, 1, 0, 1, 1000000000, 0, 18, 1494, -1, 255, 80, 0, 0, 0, 0, 0, 0, 0, 1, 1, 36, 10, 7, 100, 5, 100, 46, 25, 0, 0, 0, 0, 0, 0, 0, 0, 0, 0, 0, 0, 0, 0, 0, 0, 0, 0, 0, 0, 0, 0, 0, 0, 0, 0, 0, 0, 0, 1000, 0, 0, 71576, 1, 0, 0, -1, 0, -1, 0, 1, NULL, 0, -1, 0, -1, 0, 1, NULL, 0, -1, 0, -1, 0, 0, NULL, 0, 0, 0, -1, 0, 0, NULL, 0, 0, 0, -1, 1, 'In celebration of another milestone in Phoenix, 18 July 2010.', 0, 0, 0, 0, 0, 0, 0, 0, 0, 0, 0, 0, 0, 0, 0, 0, 0, 0, 0, 0, 0, 0, 0, 0, -1, 0, 0, 0, 0, '', 0, 0, 0, 0, 0, 15000);


--(80215, 4, 0, -1, 'Phoenix Rune of Alacrity', 58821, 4, 4096, 0, 1, 0, 0, 12, -1, -1, 255, 80, 0, 0, 0, 0, 0, 0, 0, 1, 1, 0, 2, 7, 50, 36, 95, 0, 0, 0, 0, 0, 0, 0, 0, 0, 0, 0, 0, 0, 0, 0, 0, 0, 0, 0, 0, 0, 0, 0, 0, 0, 0, 0, 0, 0, 0, 0, 1000, 0, 0, 42292, 0, 0, 0, 120000, 1182, 120000, 0, 0, NULL, 0, 0, 0, -1, 0, 0, NULL, 0, 0, 0, -1, 0, 0, NULL, 0, 0, 0, -1, 0, 0, NULL, 0, 0, 0, -1, 1, '', 0, 0, 0, 0, 0, 4, 0, 0, 0, 0, 0, 0, 0, 0, 0, 0, 2, 0, 8, 0, 0, 0, 3329, 0, -1, 0, 0, 0, 0, '', 0, 0, 0, 0, 0, 1),
--(80214, 4, 0, -1, 'Phoenix Rune of Cruelty', 58823, 4, 4096, 0, 1, 0, 0, 12, -1, -1, 255, 80, 0, 0, 0, 0, 0, 0, 0, 1, 1, 0, 2, 7, 50, 32, 95, 0, 0, 0, 0, 0, 0, 0, 0, 0, 0, 0, 0, 0, 0, 0, 0, 0, 0, 0, 0, 0, 0, 0, 0, 0, 0, 0, 0, 0, 0, 0, 1000, 0, 0, 42292, 0, 0, 0, 120000, 1182, 120000, 0, 0, NULL, 0, 0, 0, -1, 0, 0, NULL, 0, 0, 0, -1, 0, 0, NULL, 0, 0, 0, -1, 0, 0, NULL, 0, 0, 0, -1, 1, '', 0, 0, 0, 0, 0, 4, 0, 0, 0, 0, 0, 0, 0, 0, 0, 0, 2, 0, 8, 0, 0, 0, 3329, 0, -1, 0, 0, 0, 0, '', 0, 0, 0, 0, 0, 1),
--(80213, 4, 0, -1, 'Phoenix Rune of Accuracy', 58822, 4, 4096, 0, 1, 0, 0, 12, -1, -1, 255, 80, 0, 0, 0, 0, 0, 0, 0, 1, 1, 0, 2, 7, 50, 31, 95, 0, 0, 0, 0, 0, 0, 0, 0, 0, 0, 0, 0, 0, 0, 0, 0, 0, 0, 0, 0, 0, 0, 0, 0, 0, 0, 0, 0, 0, 0, 0, 1000, 0, 0, 42292, 0, 0, 0, 120000, 1182, 120000, 0, 0, NULL, 0, 0, 0, -1, 0, 0, NULL, 0, 0, 0, -1, 0, 0, NULL, 0, 0, 0, -1, 0, 0, NULL, 0, 0, 0, -1, 1, '', 0, 0, 0, 0, 0, 4, 0, 0, 0, 0, 0, 0, 0, 0, 0, 0, 2, 0, 8, 0, 0, 0, 3329, 0, -1, 0, 0, 0, 0, '', 0, 0, 0, 0, 0, 1);






