SET @GEM = 600699;
SET @VENDOR = 600038;
INSERT INTO `item_template` (`entry`, `class`, `subclass`, `SoundOverrideSubclass`, `name`, `displayid`, `Quality`, `Flags`, `FlagsExtra`, `BuyCount`, `BuyPrice`, `SellPrice`, `InventoryType`, `AllowableClass`, `AllowableRace`, `ItemLevel`, `RequiredLevel`, `RequiredSkill`, `RequiredSkillRank`, `requiredspell`, `requiredhonorrank`, `RequiredCityRank`, `RequiredReputationFaction`, `RequiredReputationRank`, `maxcount`, `stackable`, `ContainerSlots`, `StatsCount`, `stat_type1`, `stat_value1`, `stat_type2`, `stat_value2`, `stat_type3`, `stat_value3`, `stat_type4`, `stat_value4`, `stat_type5`, `stat_value5`, `stat_type6`, `stat_value6`, `stat_type7`, `stat_value7`, `stat_type8`, `stat_value8`, `stat_type9`, `stat_value9`, `stat_type10`, `stat_value10`, `ScalingStatDistribution`, `ScalingStatValue`, `dmg_min1`, `dmg_max1`, `dmg_type1`, `dmg_min2`, `dmg_max2`, `dmg_type2`, `armor`, `holy_res`, `fire_res`, `nature_res`, `frost_res`, `shadow_res`, `arcane_res`, `delay`, `ammo_type`, `RangedModRange`, `spellid_1`, `spelltrigger_1`, `spellcharges_1`, `spellppmRate_1`, `spellcooldown_1`, `spellcategory_1`, `spellcategorycooldown_1`, `spellid_2`, `spelltrigger_2`, `spellcharges_2`, `spellppmRate_2`, `spellcooldown_2`, `spellcategory_2`, `spellcategorycooldown_2`, `spellid_3`, `spelltrigger_3`, `spellcharges_3`, `spellppmRate_3`, `spellcooldown_3`, `spellcategory_3`, `spellcategorycooldown_3`, `spellid_4`, `spelltrigger_4`, `spellcharges_4`, `spellppmRate_4`, `spellcooldown_4`, `spellcategory_4`, `spellcategorycooldown_4`, `spellid_5`, `spelltrigger_5`, `spellcharges_5`, `spellppmRate_5`, `spellcooldown_5`, `spellcategory_5`, `spellcategorycooldown_5`, `bonding`, `description`, `PageText`, `LanguageID`, `PageMaterial`, `startquest`, `lockid`, `Material`, `sheath`, `RandomProperty`, `RandomSuffix`, `block`, `itemset`, `MaxDurability`, `area`, `Map`, `BagFamily`, `TotemCategory`, `socketColor_1`, `socketContent_1`, `socketColor_2`, `socketContent_2`, `socketColor_3`, `socketContent_3`, `socketBonus`, `GemProperties`, `RequiredDisenchantSkill`, `ArmorDamageModifier`, `duration`, `ItemLimitCategory`, `HolidayId`, `ScriptName`, `DisenchantID`, `FoodType`, `minMoneyLoot`, `maxMoneyLoot`, `flagsCustom`, `WDBVerified`) VALUES 
(@GEM+1,3,2,-1, 'Phoenix Sublime Mystic Dawnstone',18707,4,528384,0,1,0,0,0,-1,-1,60,0,0,0,0,0,0,331,5,0,1,0,0,0,0,0,0,0,0,0,0,0,0,0,0,0,0,0,0,0,0,0,0,0,0,0,0,0,0,0,0,0,0,0,0,0,0,0,0,0,0,0,0,0,0,-1,0,-1,0,0,0,0,-1,0,-1,0,0,0,0,-1,0,-1,0,0,0,0,-1,0,-1,0,0,0,0,-1,0,-1,1, 'Matches a Yellow Socket. values doubled',0,0,0,0,0,-1,0,0,0,0,0,0,0,0,512,0,0,0,0,0,0,0,0,182,-1,0,0,0,0, '',0,0,0,0,0, 12340),
(@GEM+2,3,0,-1, 'Phoenix Runed Ornate Ruby',6006,4,4096,0,1,0,0,0,-1,-1,60,0,0,0,0,0,0,331,5,0,1,0,0,0,0,0,0,0,0,0,0,0,0,0,0,0,0,0,0,0,0,0,0,0,0,0,0,0,0,0,0,0,0,0,0,0,0,0,0,0,0,0,0,0,0,-1,0,-1,0,0,0,0,-1,0,-1,0,0,0,0,-1,0,-1,0,0,0,0,-1,0,-1,0,0,0,0,-1,0,-1,0, 'Matches a Red Socket. values doubled',0,0,0,0,0,4,0,0,0,0,0,0,0,0,512,0,0,0,0,0,0,0,0,3000,-1,0,0,0,0, '',0,0,0,0,0, 12340),
(@GEM+3,3,2,-1, 'Phoenix Smooth Ornate Dawnstone',18707,4,4096,0,1,0,0,0,-1,-1,60,0,0,0,0,0,0,331,5,0,1,0,0,0,0,0,0,0,0,0,0,0,0,0,0,0,0,0,0,0,0,0,0,0,0,0,0,0,0,0,0,0,0,0,0,0,0,0,0,0,0,0,0,0,0,-1,0,-1,0,0,0,0,-1,0,-1,0,0,0,0,-1,0,-1,0,0,0,0,-1,0,-1,0,0,0,0,-1,0,-1,0, 'Matches a Yellow Socket. values doubled',0,0,0,0,0,4,0,0,0,0,0,0,0,0,512,0,0,0,0,0,0,0,0,3001,-1,0,0,0,0, '',0,0,0,0,0, 12340),
(@GEM+4,3,2,-1, 'Phoenix Gleaming Ornate Dawnstone',20978,4,4096,0,1,0,0,0,-1,-1,60,0,0,0,0,0,0,331,5,0,1,0,0,0,0,0,0,0,0,0,0,0,0,0,0,0,0,0,0,0,0,0,0,0,0,0,0,0,0,0,0,0,0,0,0,0,0,0,0,0,0,0,0,0,0,-1,0,-1,0,0,0,0,-1,0,-1,0,0,0,0,-1,0,-1,0,0,0,0,-1,0,-1,0,0,0,0,-1,0,-1,0, 'Matches a Yellow Socket. values doubled',0,0,0,0,0,4,0,0,0,0,0,0,0,0,512,0,0,0,0,0,0,0,0,3002,-1,0,0,0,0, '',0,0,0,0,0, 12340),
(@GEM+5,3,5,-1, 'Phoenix Potent Ornate Topaz',7339,4,4096,0,1,0,0,0,-1,-1,60,0,0,0,0,0,0,331,5,0,1,0,0,0,0,0,0,0,0,0,0,0,0,0,0,0,0,0,0,0,0,0,0,0,0,0,0,0,0,0,0,0,0,0,0,0,0,0,0,0,0,0,0,0,0,-1,0,-1,0,0,0,0,-1,0,-1,0,0,0,0,-1,0,-1,0,0,0,0,-1,0,-1,0,0,0,0,-1,0,-1,0, 'Matches a Red or Yellow Socket. values doubled',0,0,0,0,0,4,0,0,0,0,0,0,0,0,512,0,0,0,0,0,0,0,0,3020,-1,0,0,0,0, '',0,0,0,0,0, 12340),
(@GEM+6,3,0,-1, 'Phoenix Bold Ornate Ruby',4777,4,4096,0,1,0,0,0,-1,-1,60,0,0,0,0,0,0,331,5,0,1,0,0,0,0,0,0,0,0,0,0,0,0,0,0,0,0,0,0,0,0,0,0,0,0,0,0,0,0,0,0,0,0,0,0,0,0,0,0,0,0,0,0,0,0,-1,0,-1,0,0,0,0,-1,0,-1,0,0,0,0,-1,0,-1,0,0,0,0,-1,0,-1,0,0,0,0,-1,0,-1,0, 'Matches a Red Socket. values doubled',0,0,0,0,0,4,0,0,0,0,0,0,0,0,512,0,0,0,0,0,0,0,0,3081,-1,0,0,0,0, '',0,0,0,0,0, 12340),
(@GEM+7,3,5,-1, 'Phoenix Inscribed Ornate Topaz',7221,4,4096,0,1,0,0,0,-1,-1,60,0,0,0,0,0,0,331,5,0,1,0,0,0,0,0,0,0,0,0,0,0,0,0,0,0,0,0,0,0,0,0,0,0,0,0,0,0,0,0,0,0,0,0,0,0,0,0,0,0,0,0,0,0,0,-1,0,-1,0,0,0,0,-1,0,-1,0,0,0,0,-1,0,-1,0,0,0,0,-1,0,-1,0,0,0,0,-1,0,-1,0, 'Matches a Red or Yellow Socket. values doubled',0,0,0,0,0,4,0,0,0,0,0,0,0,0,512,0,0,0,0,0,0,0,0,3082,-1,0,0,0,0, '',0,0,0,0,0, 12340),
(@GEM+8,3,8,-1, 'Phoenix Void Sphere',39424,4,0,0,1,120000,0,0,-1,-1,70,0,0,0,0,0,0,331,5,0,1,0,0,0,0,0,0,0,0,0,0,0,0,0,0,0,0,0,0,0,0,0,0,0,0,0,0,0,0,0,0,0,0,0,0,0,0,0,0,0,0,0,0,0,0,-1,0,-1,0,0,0,0,-1,0,-1,0,0,0,0,-1,0,-1,0,0,0,0,-1,0,-1,0,0,0,0,-1,0,-1,0, 'Matches a Red, Yellow or Blue Socket. values doubled',0,0,0,0,0,2,0,0,0,0,0,0,0,0,512,0,0,0,0,0,0,0,0,3100,-1,0,0,0,0, '',0,0,0,0,0, 12340),
(@GEM+9,3,3,-1, 'Phoenix Sovereign Tanzanite',39929,4,4096,0,1,120000,30000,0,-1,-1,70,0,0,0,0,0,0,331,5,0,1,0,0,0,0,0,0,0,0,0,0,0,0,0,0,0,0,0,0,0,0,0,0,0,0,0,0,0,0,0,0,0,0,0,0,0,0,0,0,0,0,0,0,0,0,-1,0,-1,0,0,0,0,-1,0,-1,0,0,0,0,-1,0,-1,0,0,0,0,-1,0,-1,0,0,0,0,-1,0,-1,1, 'Matches a Red or Blue Socket. values doubled',0,0,0,0,0,-1,0,0,0,0,0,0,0,0,512,0,0,0,0,0,0,0,0,3199,-1,0,0,0,0, '',0,0,0,0,0, 12340),
(@GEM+10,3,5,-1, 'Phoenix Luminous Fire Opal',39931,4,4096,0,1,120000,30000,0,-1,-1,70,0,0,0,0,0,0,331,5,0,1,0,0,0,0,0,0,0,0,0,0,0,0,0,0,0,0,0,0,0,0,0,0,0,0,0,0,0,0,0,0,0,0,0,0,0,0,0,0,0,0,0,0,0,0,-1,0,-1,0,0,0,0,-1,0,-1,0,0,0,0,-1,0,-1,0,0,0,0,-1,0,-1,0,0,0,0,-1,0,-1,1, 'Matches a Red or Yellow Socket. values doubled',0,0,0,0,0,-1,0,0,0,0,0,0,0,0,512,0,0,0,0,0,0,0,0,3200,-1,0,0,0,0, '',0,0,0,0,0, 12340),
(@GEM+11,3,4,-1, 'Phoenix Polished Chrysoprase',39930,4,4096,0,1,120000,30000,0,-1,-1,70,0,0,0,0,0,0,331,5,0,1,0,0,0,0,0,0,0,0,0,0,0,0,0,0,0,0,0,0,0,0,0,0,0,0,0,0,0,0,0,0,0,0,0,0,0,0,0,0,0,0,0,0,0,0,-1,0,-1,0,0,0,0,-1,0,-1,0,0,0,0,-1,0,-1,0,0,0,0,-1,0,-1,0,0,0,0,-1,0,-1,1, 'Matches a Yellow or Blue Socket. values doubled',0,0,0,0,0,-1,0,0,0,0,0,0,0,0,512,0,0,0,0,0,0,0,0,3201,-1,0,0,0,0, '',0,0,0,0,0, 12340),
(@GEM+12,3,3,-1, 'Phoenix Shifting Tanzanite',39929,4,4096,0,1,120000,30000,0,-1,-1,70,0,0,0,0,0,0,331,5,0,1,0,0,0,0,0,0,0,0,0,0,0,0,0,0,0,0,0,0,0,0,0,0,0,0,0,0,0,0,0,0,0,0,0,0,0,0,0,0,0,0,0,0,0,0,-1,0,-1,0,0,0,0,-1,0,-1,0,0,0,0,-1,0,-1,0,0,0,0,-1,0,-1,0,0,0,0,-1,0,-1,1, 'Matches a Red or Blue Socket. values doubled',0,0,0,0,0,-1,0,0,0,0,0,0,0,0,512,0,0,0,0,0,0,0,0,3202,-1,0,0,0,0, '',0,0,0,0,0, 12340),
(@GEM+13,3,4,-1, 'Phoenix Sundered Chrysoprase',39930,4,4096,0,1,120000,30000,0,-1,-1,70,0,0,0,0,0,0,331,5,0,1,0,0,0,0,0,0,0,0,0,0,0,0,0,0,0,0,0,0,0,0,0,0,0,0,0,0,0,0,0,0,0,0,0,0,0,0,0,0,0,0,0,0,0,0,-1,0,-1,0,0,0,0,-1,0,-1,0,0,0,0,-1,0,-1,0,0,0,0,-1,0,-1,0,0,0,0,-1,0,-1,1, 'Matches a Yellow or Blue Socket. values doubled',0,0,0,0,0,-1,0,0,0,0,0,0,0,0,512,0,0,0,0,0,0,0,0,3203,-1,0,0,0,0, '',0,0,0,0,0, 12340),
(@GEM+14,3,5,-1, 'Phoenix Infused Fire Opal',39931,4,4096,0,1,120000,30000,0,-1,-1,70,0,0,0,0,0,0,331,5,0,1,0,0,0,0,0,0,0,0,0,0,0,0,0,0,0,0,0,0,0,0,0,0,0,0,0,0,0,0,0,0,0,0,0,0,0,0,0,0,0,0,0,0,0,0,-1,0,-1,0,0,0,0,-1,0,-1,0,0,0,0,-1,0,-1,0,0,0,0,-1,0,-1,0,0,0,0,-1,0,-1,1, 'Matches a Red or Yellow Socket. values doubled',0,0,0,0,0,-1,0,0,0,0,0,0,0,0,512,0,0,0,0,0,0,0,0,3204,-1,0,0,0,0, '',0,0,0,0,0, 12340),
(@GEM+15,3,3,-1, 'Phoenix Blessed Tanzanite',39929,4,4096,0,1,120000,30000,0,-1,-1,70,0,0,0,0,0,0,331,5,0,1,0,0,0,0,0,0,0,0,0,0,0,0,0,0,0,0,0,0,0,0,0,0,0,0,0,0,0,0,0,0,0,0,0,0,0,0,0,0,0,0,0,0,0,0,-1,0,-1,0,0,0,0,-1,0,-1,0,0,0,0,-1,0,-1,0,0,0,0,-1,0,-1,0,0,0,0,-1,0,-1,1, 'Matches a Red or Blue Socket. values doubled',0,0,0,0,0,-1,0,0,0,0,0,0,0,0,512,0,0,0,0,0,0,0,0,3205,-1,0,0,0,0, '',0,0,0,0,0, 12340),
(@GEM+16,3,5,-1, 'Phoenix Pristine Fire Opal',39931,4,4096,0,1,120000,30000,0,-1,-1,70,0,0,0,0,0,0,331,5,0,1,0,0,0,0,0,0,0,0,0,0,0,0,0,0,0,0,0,0,0,0,0,0,0,0,0,0,0,0,0,0,0,0,0,0,0,0,0,0,0,0,0,0,0,0,-1,0,-1,0,0,0,0,-1,0,-1,0,0,0,0,-1,0,-1,0,0,0,0,-1,0,-1,0,0,0,0,-1,0,-1,1, 'Matches a Red or Yellow Socket. values doubled',0,0,0,0,0,-1,0,0,0,0,0,0,0,0,512,0,0,0,0,0,0,0,0,3206,-1,0,0,0,0, '',0,0,0,0,0, 12340),
(@GEM+17,3,5,-1, 'Phoenix Stalwart Fire Opal',39931,4,4096,0,1,120000,30000,0,-1,-1,70,0,0,0,0,0,0,331,5,0,1,0,0,0,0,0,0,0,0,0,0,0,0,0,0,0,0,0,0,0,0,0,0,0,0,0,0,0,0,0,0,0,0,0,0,0,0,0,0,0,0,0,0,0,0,-1,0,-1,0,0,0,0,-1,0,-1,0,0,0,0,-1,0,-1,0,0,0,0,-1,0,-1,0,0,0,0,-1,0,-1,1, 'Matches a Red or Yellow Socket. values doubled',0,0,0,0,0,-1,0,0,0,0,0,0,0,0,512,0,0,0,0,0,0,0,0,3207,-1,0,0,0,0, '',0,0,0,0,0, 12340),
(@GEM+18,3,3,-1, 'Phoenix Glowing Tanzanite',39929,4,4096,0,1,120000,30000,0,-1,-1,70,0,0,0,0,0,0,331,5,0,1,0,0,0,0,0,0,0,0,0,0,0,0,0,0,0,0,0,0,0,0,0,0,0,0,0,0,0,0,0,0,0,0,0,0,0,0,0,0,0,0,0,0,0,0,-1,0,-1,0,0,0,0,-1,0,-1,0,0,0,0,-1,0,-1,0,0,0,0,-1,0,-1,0,0,0,0,-1,0,-1,1, 'Matches a Red or Blue Socket. values doubled',0,0,0,0,0,-1,0,0,0,0,0,0,0,0,512,0,0,0,0,0,0,0,0,3208,-1,0,0,0,0, '',0,0,0,0,0, 12340),
(@GEM+19,3,5,-1, 'Phoenix Glinting Fire Opal',39931,4,4096,0,1,120000,30000,0,-1,-1,70,0,0,0,0,0,0,331,5,0,1,0,0,0,0,0,0,0,0,0,0,0,0,0,0,0,0,0,0,0,0,0,0,0,0,0,0,0,0,0,0,0,0,0,0,0,0,0,0,0,0,0,0,0,0,-1,0,-1,0,0,0,0,-1,0,-1,0,0,0,0,-1,0,-1,0,0,0,0,-1,0,-1,0,0,0,0,-1,0,-1,1, 'Matches a Red or Yellow Socket. values doubled',0,0,0,0,0,-1,0,0,0,0,0,0,0,0,512,0,0,0,0,0,0,0,0,3209,-1,0,0,0,0, '',0,0,0,0,0, 12340),
(@GEM+20,3,5,-1, 'Phoenix Glimmering Fire Opal',39931,4,4096,0,1,120000,30000,0,-1,-1,70,0,0,0,0,0,0,331,5,0,1,0,0,0,0,0,0,0,0,0,0,0,0,0,0,0,0,0,0,0,0,0,0,0,0,0,0,0,0,0,0,0,0,0,0,0,0,0,0,0,0,0,0,0,0,-1,0,-1,0,0,0,0,-1,0,-1,0,0,0,0,-1,0,-1,0,0,0,0,-1,0,-1,0,0,0,0,-1,0,-1,1, 'Matches a Red or Yellow Socket. values doubled',0,0,0,0,0,-1,0,0,0,0,0,0,0,0,512,0,0,0,0,0,0,0,0,3210,-1,0,0,0,0, '',0,0,0,0,0, 12340),
(@GEM+21,3,5,-1, 'Phoenix Etched Fire Opal',39931,4,4096,0,1,120000,30000,0,-1,-1,70,0,0,0,0,0,0,331,5,0,1,0,0,0,0,0,0,0,0,0,0,0,0,0,0,0,0,0,0,0,0,0,0,0,0,0,0,0,0,0,0,0,0,0,0,0,0,0,0,0,0,0,0,0,0,-1,0,-1,0,0,0,0,-1,0,-1,0,0,0,0,-1,0,-1,0,0,0,0,-1,0,-1,0,0,0,0,-1,0,-1,1, 'Matches a Red or Yellow Socket. values doubled',0,0,0,0,0,-1,0,0,0,0,0,0,0,0,512,0,0,0,0,0,0,0,0,3211,-1,0,0,0,0, '',0,0,0,0,0, 12340),
(@GEM+22,3,4,-1, 'Phoenix Rune Covered Chrysoprase',39930,4,4096,0,1,120000,30000,0,-1,-1,70,0,0,0,0,0,0,331,5,0,1,0,0,0,0,0,0,0,0,0,0,0,0,0,0,0,0,0,0,0,0,0,0,0,0,0,0,0,0,0,0,0,0,0,0,0,0,0,0,0,0,0,0,0,0,-1,0,-1,0,0,0,0,-1,0,-1,0,0,0,0,-1,0,-1,0,0,0,0,-1,0,-1,0,0,0,0,-1,0,-1,1, 'Matches a Yellow or Blue Socket. values doubled',0,0,0,0,0,-1,0,0,0,0,0,0,0,0,512,0,0,0,0,0,0,0,0,3212,-1,0,0,0,0, '',0,0,0,0,0, 12340),
(@GEM+23,3,3,-1, 'Phoenix Regal Tanzanite',39929,4,4096,0,1,120000,30000,0,-1,-1,70,0,0,0,0,0,0,331,5,0,1,0,0,0,0,0,0,0,0,0,0,0,0,0,0,0,0,0,0,0,0,0,0,0,0,0,0,0,0,0,0,0,0,0,0,0,0,0,0,0,0,0,0,0,0,-1,0,-1,0,0,0,0,-1,0,-1,0,0,0,0,-1,0,-1,0,0,0,0,-1,0,-1,0,0,0,0,-1,0,-1,1, 'Matches a Red or Blue Socket. values doubled',0,0,0,0,0,-1,0,0,0,0,0,0,0,0,512,0,0,0,0,0,0,0,0,3214,-1,0,0,0,0, '',0,0,0,0,0, 12340),
(@GEM+24,3,5,-1, 'Phoenix Shining Fire Opal',39931,4,4096,0,1,120000,30000,0,-1,-1,70,0,0,0,0,0,0,331,5,0,1,0,0,0,0,0,0,0,0,0,0,0,0,0,0,0,0,0,0,0,0,0,0,0,0,0,0,0,0,0,0,0,0,0,0,0,0,0,0,0,0,0,0,0,0,-1,0,-1,0,0,0,0,-1,0,-1,0,0,0,0,-1,0,-1,0,0,0,0,-1,0,-1,0,0,0,0,-1,0,-1,1, 'Matches a Red or Yellow Socket. values doubled',0,0,0,0,0,-1,0,0,0,0,0,0,0,0,512,0,0,0,0,0,0,0,0,3215,-1,0,0,0,0, '',0,0,0,0,0, 12340),
(@GEM+25,3,5,-1, 'Phoenix Assassin\'s Fire Opal',39931,4,4096,0,1,120000,30000,0,-1,-1,70,0,0,0,0,0,0,331,5,0,1,0,0,0,0,0,0,0,0,0,0,0,0,0,0,0,0,0,0,0,0,0,0,0,0,0,0,0,0,0,0,0,0,0,0,0,0,0,0,0,0,0,0,0,0,-1,0,-1,0,0,0,0,-1,0,-1,0,0,0,0,-1,0,-1,0,0,0,0,-1,0,-1,0,0,0,0,-1,0,-1,1, 'Matches a Red or Yellow Socket. values doubled',0,0,0,0,0,-1,0,0,0,0,0,0,0,0,512,0,0,0,0,0,0,0,0,3216,-1,0,0,0,0, '',0,0,0,0,0, 12340),
(@GEM+26,3,3,-1, 'Phoenix Defender\'s Tanzanite',39929,4,4096,0,1,120000,30000,0,-1,-1,70,0,0,0,0,0,0,331,5,0,1,0,0,0,0,0,0,0,0,0,0,0,0,0,0,0,0,0,0,0,0,0,0,0,0,0,0,0,0,0,0,0,0,0,0,0,0,0,0,0,0,0,0,0,0,-1,0,-1,0,0,0,0,-1,0,-1,0,0,0,0,-1,0,-1,0,0,0,0,-1,0,-1,0,0,0,0,-1,0,-1,1, 'Matches a Red or Blue Socket. values doubled',0,0,0,0,0,-1,0,0,0,0,0,0,0,0,512,0,0,0,0,0,0,0,0,3217,-1,0,0,0,0, '',0,0,0,0,0, 12340),
(@GEM+27,3,3,-1, 'Phoenix Imperial Tanzanite',39929,4,4096,0,1,120000,30000,0,-1,-1,70,0,0,0,0,0,0,331,5,0,1,0,0,0,0,0,0,0,0,0,0,0,0,0,0,0,0,0,0,0,0,0,0,0,0,0,0,0,0,0,0,0,0,0,0,0,0,0,0,0,0,0,0,0,0,-1,0,-1,0,0,0,0,-1,0,-1,0,0,0,0,-1,0,-1,0,0,0,0,-1,0,-1,0,0,0,0,-1,0,-1,1, 'Matches a Red or Blue Socket. values doubled',0,0,0,0,0,-1,0,0,0,0,0,0,0,0,512,0,0,0,0,0,0,0,0,3219,-1,0,0,0,0, '',0,0,0,0,0, 12340),
(@GEM+28,3,5,-1, 'Phoenix Mysterious Fire Opal',39931,4,4096,0,1,120000,30000,0,-1,-1,70,0,0,0,0,0,0,331,5,0,1,0,0,0,0,0,0,0,0,0,0,0,0,0,0,0,0,0,0,0,0,0,0,0,0,0,0,0,0,0,0,0,0,0,0,0,0,0,0,0,0,0,0,0,0,-1,0,-1,0,0,0,0,-1,0,-1,0,0,0,0,-1,0,-1,0,0,0,0,-1,0,-1,0,0,0,0,-1,0,-1,1, 'Matches a Red or Yellow Socket. values doubled',0,0,0,0,0,-1,0,0,0,0,0,0,0,0,512,0,0,0,0,0,0,0,0,3220,-1,0,0,0,0, '',0,0,0,0,0, 12340),
(@GEM+29,3,3,-1, 'Phoenix Brutal Tanzanite',39929,4,4096,0,1,120000,30000,0,-1,-1,70,0,0,0,0,0,0,331,5,0,1,0,0,0,0,0,0,0,0,0,0,0,0,0,0,0,0,0,0,0,0,0,0,0,0,0,0,0,0,0,0,0,0,0,0,0,0,0,0,0,0,0,0,0,0,-1,0,-1,0,0,0,0,-1,0,-1,0,0,0,0,-1,0,-1,0,0,0,0,-1,0,-1,0,0,0,0,-1,0,-1,1, 'Matches a Red or Blue Socket. values doubled',0,0,0,0,0,-1,0,0,0,0,0,0,0,0,512,0,0,0,0,0,0,0,0,3221,-1,0,0,0,0, '',0,0,0,0,0, 12340),
(@GEM+30,3,5,-1, 'Phoenix Nimble Fire Opal',39931,4,4096,0,1,120000,30000,0,-1,-1,70,0,0,0,0,0,0,331,5,0,1,0,0,0,0,0,0,0,0,0,0,0,0,0,0,0,0,0,0,0,0,0,0,0,0,0,0,0,0,0,0,0,0,0,0,0,0,0,0,0,0,0,0,0,0,-1,0,-1,0,0,0,0,-1,0,-1,0,0,0,0,-1,0,-1,0,0,0,0,-1,0,-1,0,0,0,0,-1,0,-1,1, 'Matches a Red or Yellow Socket. values doubled',0,0,0,0,0,-1,0,0,0,0,0,0,0,0,512,0,0,0,0,0,0,0,0,3222,-1,0,0,0,0, '',0,0,0,0,0, 12340),
(@GEM+31,3,5,-1, 'Phoenix Durable Fire Opal',39931,4,4096,0,1,120000,30000,0,-1,-1,70,0,0,0,0,0,0,331,5,0,1,0,0,0,0,0,0,0,0,0,0,0,0,0,0,0,0,0,0,0,0,0,0,0,0,0,0,0,0,0,0,0,0,0,0,0,0,0,0,0,0,0,0,0,0,-1,0,-1,0,0,0,0,-1,0,-1,0,0,0,0,-1,0,-1,0,0,0,0,-1,0,-1,0,0,0,0,-1,0,-1,1, 'Matches a Red or Yellow Socket. values doubled',0,0,0,0,0,-1,0,0,0,0,0,0,0,0,512,0,0,0,0,0,0,0,0,3223,-1,0,0,0,0, '',0,0,0,0,0, 12340),
(@GEM+32,3,5,-1, 'Phoenix Deadly Fire Opal',39931,4,4096,0,1,120000,30000,0,-1,-1,70,0,0,0,0,0,0,331,5,0,1,0,0,0,0,0,0,0,0,0,0,0,0,0,0,0,0,0,0,0,0,0,0,0,0,0,0,0,0,0,0,0,0,0,0,0,0,0,0,0,0,0,0,0,0,-1,0,-1,0,0,0,0,-1,0,-1,0,0,0,0,-1,0,-1,0,0,0,0,-1,0,-1,0,0,0,0,-1,0,-1,1, 'Matches a Red or Yellow Socket. values doubled',0,0,0,0,0,-1,0,0,0,0,0,0,0,0,512,0,0,0,0,0,0,0,0,3224,-1,0,0,0,0, '',0,0,0,0,0, 12340),
(@GEM+33,3,4,-1, 'Phoenix Timeless Chrysoprase',39930,4,4096,0,1,120000,30000,0,-1,-1,70,0,0,0,0,0,0,331,5,0,1,0,0,0,0,0,0,0,0,0,0,0,0,0,0,0,0,0,0,0,0,0,0,0,0,0,0,0,0,0,0,0,0,0,0,0,0,0,0,0,0,0,0,0,0,-1,0,-1,0,0,0,0,-1,0,-1,0,0,0,0,-1,0,-1,0,0,0,0,-1,0,-1,0,0,0,0,-1,0,-1,1, 'Matches a Yellow or Blue Socket. values doubled',0,0,0,0,0,-1,0,0,0,0,0,0,0,0,512,0,0,0,0,0,0,0,0,3225,-1,0,0,0,0, '',0,0,0,0,0, 12340),
(@GEM+34,3,5,-1, 'Phoenix Enscribed Fire Opal',39931,4,4096,0,1,120000,30000,0,-1,-1,70,0,0,0,0,0,0,331,5,0,1,0,0,0,0,0,0,0,0,0,0,0,0,0,0,0,0,0,0,0,0,0,0,0,0,0,0,0,0,0,0,0,0,0,0,0,0,0,0,0,0,0,0,0,0,-1,0,-1,0,0,0,0,-1,0,-1,0,0,0,0,-1,0,-1,0,0,0,0,-1,0,-1,0,0,0,0,-1,0,-1,1, 'Matches a Red or Yellow Socket. values doubled',0,0,0,0,0,-1,0,0,0,0,0,0,0,0,512,0,0,0,0,0,0,0,0,3226,-1,0,0,0,0, '',0,0,0,0,0, 12340),
(@GEM+35,3,5,-1, 'Phoenix Glistening Fire Opal',39931,4,4096,0,1,120000,30000,0,-1,-1,70,0,0,0,0,0,0,331,5,0,1,0,0,0,0,0,0,0,0,0,0,0,0,0,0,0,0,0,0,0,0,0,0,0,0,0,0,0,0,0,0,0,0,0,0,0,0,0,0,0,0,0,0,0,0,-1,0,-1,0,0,0,0,-1,0,-1,0,0,0,0,-1,0,-1,0,0,0,0,-1,0,-1,0,0,0,0,-1,0,-1,1, 'Matches a Red or Yellow Socket. values doubled',0,0,0,0,0,-1,0,0,0,0,0,0,0,0,512,0,0,0,0,0,0,0,0,3227,-1,0,0,0,0, '',0,0,0,0,0, 12340),
(@GEM+36,3,4,-1, 'Phoenix Seer\'s Chrysoprase',39930,4,4096,0,1,120000,30000,0,-1,-1,70,0,0,0,0,0,0,331,5,0,1,0,0,0,0,0,0,0,0,0,0,0,0,0,0,0,0,0,0,0,0,0,0,0,0,0,0,0,0,0,0,0,0,0,0,0,0,0,0,0,0,0,0,0,0,-1,0,-1,0,0,0,0,-1,0,-1,0,0,0,0,-1,0,-1,0,0,0,0,-1,0,-1,0,0,0,0,-1,0,-1,1, 'Matches a Yellow or Blue Socket. values doubled',0,0,0,0,0,-1,0,0,0,0,0,0,0,0,512,0,0,0,0,0,0,0,0,3228,-1,0,0,0,0, '',0,0,0,0,0, 12340),
(@GEM+37,3,5,-1, 'Phoenix Champion\'s Fire Opal',39931,4,4096,0,1,120000,30000,0,-1,-1,70,0,0,0,0,0,0,331,5,0,1,0,0,0,0,0,0,0,0,0,0,0,0,0,0,0,0,0,0,0,0,0,0,0,0,0,0,0,0,0,0,0,0,0,0,0,0,0,0,0,0,0,0,0,0,-1,0,-1,0,0,0,0,-1,0,-1,0,0,0,0,-1,0,-1,0,0,0,0,-1,0,-1,0,0,0,0,-1,0,-1,1, 'Matches a Red or Yellow Socket. values doubled',0,0,0,0,0,-1,0,0,0,0,0,0,0,0,512,0,0,0,0,0,0,0,0,3229,-1,0,0,0,0, '',0,0,0,0,0, 12340),
(@GEM+38,3,5,-1, 'Phoenix Potent Fire Opal',39931,4,4096,0,1,120000,30000,0,-1,-1,70,0,0,0,0,0,0,331,5,0,1,0,0,0,0,0,0,0,0,0,0,0,0,0,0,0,0,0,0,0,0,0,0,0,0,0,0,0,0,0,0,0,0,0,0,0,0,0,0,0,0,0,0,0,0,-1,0,-1,0,0,0,0,-1,0,-1,0,0,0,0,-1,0,-1,0,0,0,0,-1,0,-1,0,0,0,0,-1,0,-1,1, 'Matches a Red or Yellow Socket. values doubled',0,0,0,0,0,-1,0,0,0,0,0,0,0,0,512,0,0,0,0,0,0,0,0,3230,-1,0,0,0,0, '',0,0,0,0,0, 12340),
(@GEM+39,3,4,-1, 'Phoenix Dazzling Chrysoprase',39930,4,4096,0,1,120000,30000,0,-1,-1,70,0,0,0,0,0,0,331,5,0,1,0,0,0,0,0,0,0,0,0,0,0,0,0,0,0,0,0,0,0,0,0,0,0,0,0,0,0,0,0,0,0,0,0,0,0,0,0,0,0,0,0,0,0,0,-1,0,-1,0,0,0,0,-1,0,-1,0,0,0,0,-1,0,-1,0,0,0,0,-1,0,-1,0,0,0,0,-1,0,-1,1, 'Matches a Yellow or Blue Socket. values doubled',0,0,0,0,0,-1,0,0,0,0,0,0,0,0,512,0,0,0,0,0,0,0,0,3231,-1,0,0,0,0, '',0,0,0,0,0, 12340),
(@GEM+40,3,4,-1, 'Phoenix Enduring Chrysoprase',39930,4,4096,0,1,120000,30000,0,-1,-1,70,0,0,0,0,0,0,331,5,0,1,0,0,0,0,0,0,0,0,0,0,0,0,0,0,0,0,0,0,0,0,0,0,0,0,0,0,0,0,0,0,0,0,0,0,0,0,0,0,0,0,0,0,0,0,-1,0,-1,0,0,0,0,-1,0,-1,0,0,0,0,-1,0,-1,0,0,0,0,-1,0,-1,0,0,0,0,-1,0,-1,1, 'Matches a Yellow or Blue Socket. values doubled',0,0,0,0,0,-1,0,0,0,0,0,0,0,0,512,0,0,0,0,0,0,0,0,3232,-1,0,0,0,0, '',0,0,0,0,0, 12340),
(@GEM+41,3,5,-1, 'Phoenix Empowered Fire Opal',39931,4,4096,0,1,120000,30000,0,-1,-1,70,0,0,0,0,0,0,331,5,0,1,0,0,0,0,0,0,0,0,0,0,0,0,0,0,0,0,0,0,0,0,0,0,0,0,0,0,0,0,0,0,0,0,0,0,0,0,0,0,0,0,0,0,0,0,-1,0,-1,0,0,0,0,-1,0,-1,0,0,0,0,-1,0,-1,0,0,0,0,-1,0,-1,0,0,0,0,-1,0,-1,1, 'Matches a Red or Yellow Socket. values doubled',0,0,0,0,0,-1,0,0,0,0,0,0,0,0,512,0,0,0,0,0,0,0,0,3233,-1,0,0,0,0, '',0,0,0,0,0, 12340),
(@GEM+42,3,4,-1, 'Phoenix Steady Chrysoprase',39930,4,4096,0,1,120000,30000,0,-1,-1,70,0,0,0,0,0,0,331,5,0,1,0,0,0,0,0,0,0,0,0,0,0,0,0,0,0,0,0,0,0,0,0,0,0,0,0,0,0,0,0,0,0,0,0,0,0,0,0,0,0,0,0,0,0,0,-1,0,-1,0,0,0,0,-1,0,-1,0,0,0,0,-1,0,-1,0,0,0,0,-1,0,-1,0,0,0,0,-1,0,-1,1, 'Matches a Yellow or Blue Socket. values doubled',0,0,0,0,0,-1,0,0,0,0,0,0,0,0,512,0,0,0,0,0,0,0,0,3234,-1,0,0,0,0, '',0,0,0,0,0, 12340),
(@GEM+43,3,5,-1, 'Phoenix Iridescent Fire Opal',39931,4,4096,0,1,120000,30000,0,-1,-1,70,0,0,0,0,0,0,331,5,0,1,0,0,0,0,0,0,0,0,0,0,0,0,0,0,0,0,0,0,0,0,0,0,0,0,0,0,0,0,0,0,0,0,0,0,0,0,0,0,0,0,0,0,0,0,-1,0,-1,0,0,0,0,-1,0,-1,0,0,0,0,-1,0,-1,0,0,0,0,-1,0,-1,0,0,0,0,-1,0,-1,1, 'Matches a Red or Yellow Socket. values doubled',0,0,0,0,0,-1,0,0,0,0,0,0,0,0,512,0,0,0,0,0,0,0,0,3235,-1,0,0,0,0, '',0,0,0,0,0, 12340),
(@GEM+44,3,4,-1, 'Phoenix Effulgent Chrysoprase',39930,4,4096,0,1,120000,30000,0,-1,-1,70,0,0,0,0,0,0,331,5,0,1,0,0,0,0,0,0,0,0,0,0,0,0,0,0,0,0,0,0,0,0,0,0,0,0,0,0,0,0,0,0,0,0,0,0,0,0,0,0,0,0,0,0,0,0,-1,0,-1,0,0,0,0,-1,0,-1,0,0,0,0,-1,0,-1,0,0,0,0,-1,0,-1,0,0,0,0,-1,0,-1,1, 'Matches a Yellow or Blue Socket. values doubled',0,0,0,0,0,-1,0,0,0,0,0,0,0,0,512,0,0,0,0,0,0,0,0,3236,-1,0,0,0,0, '',0,0,0,0,0, 12340),
(@GEM+45,3,3,-1, 'Phoenix Fluorescent Tanzanite',39929,4,4096,0,1,120000,30000,0,-1,-1,70,0,0,0,0,0,0,331,5,0,1,0,0,0,0,0,0,0,0,0,0,0,0,0,0,0,0,0,0,0,0,0,0,0,0,0,0,0,0,0,0,0,0,0,0,0,0,0,0,0,0,0,0,0,0,-1,0,-1,0,0,0,0,-1,0,-1,0,0,0,0,-1,0,-1,0,0,0,0,-1,0,-1,0,0,0,0,-1,0,-1,1, 'Matches a Red or Blue Socket. values doubled',0,0,0,0,0,-1,0,0,0,0,0,0,0,0,512,0,0,0,0,0,0,0,0,3238,-1,0,0,0,0, '',0,0,0,0,0, 12340),
(@GEM+46,3,5,-1, 'Phoenix Beaming Fire Opal',39931,4,4096,0,1,120000,30000,0,-1,-1,70,0,0,0,0,0,0,331,5,0,1,0,0,0,0,0,0,0,0,0,0,0,0,0,0,0,0,0,0,0,0,0,0,0,0,0,0,0,0,0,0,0,0,0,0,0,0,0,0,0,0,0,0,0,0,-1,0,-1,0,0,0,0,-1,0,-1,0,0,0,0,-1,0,-1,0,0,0,0,-1,0,-1,0,0,0,0,-1,0,-1,1, 'Matches a Red or Yellow Socket. values doubled',0,0,0,0,0,-1,0,0,0,0,0,0,0,0,512,0,0,0,0,0,0,0,0,3239,-1,0,0,0,0, '',0,0,0,0,0, 12340),
(@GEM+47,3,4,-1, 'Phoenix Jagged Chrysoprase',39930,4,4096,0,1,120000,30000,0,-1,-1,70,0,0,0,0,0,0,331,5,0,1,0,0,0,0,0,0,0,0,0,0,0,0,0,0,0,0,0,0,0,0,0,0,0,0,0,0,0,0,0,0,0,0,0,0,0,0,0,0,0,0,0,0,0,0,-1,0,-1,0,0,0,0,-1,0,-1,0,0,0,0,-1,0,-1,0,0,0,0,-1,0,-1,0,0,0,0,-1,0,-1,1, 'Matches a Yellow or Blue Socket. values doubled',0,0,0,0,0,-1,0,0,0,0,0,0,0,0,512,0,0,0,0,0,0,0,0,3240,-1,0,0,0,0, '',0,0,0,0,0, 12340),
(@GEM+48,3,3,-1, 'Phoenix Royal Tanzanite',39929,4,4096,0,1,120000,30000,0,-1,-1,70,0,0,0,0,0,0,331,5,0,1,0,0,0,0,0,0,0,0,0,0,0,0,0,0,0,0,0,0,0,0,0,0,0,0,0,0,0,0,0,0,0,0,0,0,0,0,0,0,0,0,0,0,0,0,-1,0,-1,0,0,0,0,-1,0,-1,0,0,0,0,-1,0,-1,0,0,0,0,-1,0,-1,0,0,0,0,-1,0,-1,1, 'Matches a Red or Blue Socket. values doubled',0,0,0,0,0,-1,0,0,0,0,0,0,0,0,512,0,0,0,0,0,0,0,0,3241,-1,0,0,0,0, '',0,0,0,0,0, 12340),
(@GEM+49,3,5,-1, 'Phoenix Resplendent Fire Opal',39931,4,4096,0,1,120000,30000,0,-1,-1,70,0,0,0,0,0,0,331,5,0,1,0,0,0,0,0,0,0,0,0,0,0,0,0,0,0,0,0,0,0,0,0,0,0,0,0,0,0,0,0,0,0,0,0,0,0,0,0,0,0,0,0,0,0,0,-1,0,-1,0,0,0,0,-1,0,-1,0,0,0,0,-1,0,-1,0,0,0,0,-1,0,-1,0,0,0,0,-1,0,-1,1, 'Matches a Red or Yellow Socket. values doubled',0,0,0,0,0,-1,0,0,0,0,0,0,0,0,512,0,0,0,0,0,0,0,0,3242,-1,0,0,0,0, '',0,0,0,0,0, 12340),
(@GEM+50,3,4,-1, 'Phoenix Vivid Chrysoprase',39930,4,4096,0,1,120000,30000,0,-1,-1,70,0,0,0,0,0,0,331,5,0,1,0,0,0,0,0,0,0,0,0,0,0,0,0,0,0,0,0,0,0,0,0,0,0,0,0,0,0,0,0,0,0,0,0,0,0,0,0,0,0,0,0,0,0,0,-1,0,-1,0,0,0,0,-1,0,-1,0,0,0,0,-1,0,-1,0,0,0,0,-1,0,-1,0,0,0,0,-1,0,-1,1, 'Matches a Yellow or Blue Socket. values doubled',0,0,0,0,0,-1,0,0,0,0,0,0,0,0,512,0,0,0,0,0,0,0,0,3243,-1,0,0,0,0, '',0,0,0,0,0, 12340),
(@GEM+51,3,4,-1, 'Phoenix Lambent Chrysoprase',39930,4,4096,0,1,120000,30000,0,-1,-1,70,0,0,0,0,0,0,331,5,0,1,0,0,0,0,0,0,0,0,0,0,0,0,0,0,0,0,0,0,0,0,0,0,0,0,0,0,0,0,0,0,0,0,0,0,0,0,0,0,0,0,0,0,0,0,-1,0,-1,0,0,0,0,-1,0,-1,0,0,0,0,-1,0,-1,0,0,0,0,-1,0,-1,0,0,0,0,-1,0,-1,1, 'Matches a Yellow or Blue Socket. values doubled',0,0,0,0,0,-1,0,0,0,0,0,0,0,0,512,0,0,0,0,0,0,0,0,3244,-1,0,0,0,0, '',0,0,0,0,0, 12340),
(@GEM+52,3,5,-1, 'Phoenix Splendid Fire Opal',39931,4,4096,0,1,120000,30000,0,-1,-1,70,0,0,0,0,0,0,331,5,0,1,0,0,0,0,0,0,0,0,0,0,0,0,0,0,0,0,0,0,0,0,0,0,0,0,0,0,0,0,0,0,0,0,0,0,0,0,0,0,0,0,0,0,0,0,-1,0,-1,0,0,0,0,-1,0,-1,0,0,0,0,-1,0,-1,0,0,0,0,-1,0,-1,0,0,0,0,-1,0,-1,1, 'Matches a Red or Yellow Socket. values doubled',0,0,0,0,0,-1,0,0,0,0,0,0,0,0,512,0,0,0,0,0,0,0,0,3245,-1,0,0,0,0, '',0,0,0,0,0, 12340),
(@GEM+53,3,4,-1, 'Phoenix Radiant Chrysoprase',39930,4,4096,0,1,120000,30000,0,-1,-1,70,0,0,0,0,0,0,331,5,0,1,0,0,0,0,0,0,0,0,0,0,0,0,0,0,0,0,0,0,0,0,0,0,0,0,0,0,0,0,0,0,0,0,0,0,0,0,0,0,0,0,0,0,0,0,-1,0,-1,0,0,0,0,-1,0,-1,0,0,0,0,-1,0,-1,0,0,0,0,-1,0,-1,0,0,0,0,-1,0,-1,1, 'Matches a Yellow or Blue Socket. values doubled',0,0,0,0,0,-1,0,0,0,0,0,0,0,0,512,0,0,0,0,0,0,0,0,3246,-1,0,0,0,0, '',0,0,0,0,0, 12340),
(@GEM+54,3,3,-1, 'Phoenix Infused Amethyst',39929,4,4096,0,1,120000,30000,0,-1,-1,70,0,0,0,0,0,0,331,5,0,1,0,0,0,0,0,0,0,0,0,0,0,0,0,0,0,0,0,0,0,0,0,0,0,0,0,0,0,0,0,0,0,0,0,0,0,0,0,0,0,0,0,0,0,0,-1,0,-1,0,0,0,0,-1,0,-1,0,0,0,0,-1,0,-1,0,0,0,0,-1,0,-1,0,0,0,0,-1,0,-1,1, 'Matches a Red or Blue Socket. values doubled',0,0,0,0,0,-1,0,0,0,0,0,0,0,0,512,0,0,0,0,0,0,0,0,3259,-1,0,0,0,0, '',0,0,0,0,0, 12340),
(@GEM+55,3,3,-1, 'Phoenix Soothing Amethyst',39929,4,4096,0,1,120000,30000,0,-1,-1,70,0,0,0,0,0,0,331,5,0,1,0,0,0,0,0,0,0,0,0,0,0,0,0,0,0,0,0,0,0,0,0,0,0,0,0,0,0,0,0,0,0,0,0,0,0,0,0,0,0,0,0,0,0,0,-1,0,-1,0,0,0,0,-1,0,-1,0,0,0,0,-1,0,-1,0,0,0,0,-1,0,-1,0,0,0,0,-1,0,-1,1, 'Matches a Red or Blue Socket. values doubled',0,0,0,0,0,-1,0,0,0,0,0,0,0,0,512,0,0,0,0,0,0,0,0,3260,-1,0,0,0,0, '',0,0,0,0,0, 12340),
(@GEM+56,3,3,-1, 'Phoenix Pulsing Amethyst',39929,4,4096,0,1,120000,30000,0,-1,-1,70,0,0,0,0,0,0,331,5,0,1,0,0,0,0,0,0,0,0,0,0,0,0,0,0,0,0,0,0,0,0,0,0,0,0,0,0,0,0,0,0,0,0,0,0,0,0,0,0,0,0,0,0,0,0,-1,0,-1,0,0,0,0,-1,0,-1,0,0,0,0,-1,0,-1,0,0,0,0,-1,0,-1,0,0,0,0,-1,0,-1,1, 'Matches a Red or Blue Socket. values doubled',0,0,0,0,0,-1,0,0,0,0,0,0,0,0,512,0,0,0,0,0,0,0,0,3261,-1,0,0,0,0, '',0,0,0,0,0, 12340),
(@GEM+57,3,0,-1, 'Phoenix Bold Crimson Spinel',44920,4,0,0,1,240000,60000,0,-1,-1,70,0,0,0,0,0,0,331,5,0,1,0,0,0,0,0,0,0,0,0,0,0,0,0,0,0,0,0,0,0,0,0,0,0,0,0,0,0,0,0,0,0,0,0,0,0,0,0,0,0,0,0,0,0,0,-1,0,-1,0,0,0,0,-1,0,-1,0,0,0,0,-1,0,-1,0,0,0,0,-1,0,-1,0,0,0,0,-1,0,-1,0, 'Matches a Red Socket. values doubled',0,0,0,0,0,-1,0,0,0,0,0,0,0,0,512,0,0,0,0,0,0,0,0,3299,-1,0,0,0,0, '',0,0,0,0,0, 12340),
(@GEM+58,3,0,-1, 'Phoenix Delicate Crimson Spinel',44920,4,0,0,1,240000,60000,0,-1,-1,70,0,0,0,0,0,0,331,5,0,1,0,0,0,0,0,0,0,0,0,0,0,0,0,0,0,0,0,0,0,0,0,0,0,0,0,0,0,0,0,0,0,0,0,0,0,0,0,0,0,0,0,0,0,0,-1,0,-1,0,0,0,0,-1,0,-1,0,0,0,0,-1,0,-1,0,0,0,0,-1,0,-1,0,0,0,0,-1,0,-1,0, 'Matches a Red Socket. values doubled',0,0,0,0,0,-1,0,0,0,0,0,0,0,0,512,0,0,0,0,0,0,0,0,3300,-1,0,0,0,0, '',0,0,0,0,0, 12340),
(@GEM+59,3,0,-1, 'Phoenix Teardrop Crimson Spinel',44920,4,0,0,1,240000,60000,0,-1,-1,70,0,0,0,0,0,0,331,5,0,1,0,0,0,0,0,0,0,0,0,0,0,0,0,0,0,0,0,0,0,0,0,0,0,0,0,0,0,0,0,0,0,0,0,0,0,0,0,0,0,0,0,0,0,0,-1,0,-1,0,0,0,0,-1,0,-1,0,0,0,0,-1,0,-1,0,0,0,0,-1,0,-1,0,0,0,0,-1,0,-1,0, 'Matches a Red Socket. values doubled',0,0,0,0,0,-1,0,0,0,0,0,0,0,0,512,0,0,0,0,0,0,0,0,3301,-1,0,0,0,0, '',0,0,0,0,0, 12340),
(@GEM+60,3,0,-1, 'Phoenix Runed Crimson Spinel',44920,4,0,0,1,240000,60000,0,-1,-1,70,0,0,0,0,0,0,331,5,0,1,0,0,0,0,0,0,0,0,0,0,0,0,0,0,0,0,0,0,0,0,0,0,0,0,0,0,0,0,0,0,0,0,0,0,0,0,0,0,0,0,0,0,0,0,-1,0,-1,0,0,0,0,-1,0,-1,0,0,0,0,-1,0,-1,0,0,0,0,-1,0,-1,0,0,0,0,-1,0,-1,0, 'Matches a Red Socket. values doubled',0,0,0,0,0,-1,0,0,0,0,0,0,0,0,512,0,0,0,0,0,0,0,0,3302,-1,0,0,0,0, '',0,0,0,0,0, 12340),
(@GEM+61,3,0,-1, 'Phoenix Bright Crimson Spinel',44920,4,0,0,1,240000,60000,0,-1,-1,70,0,0,0,0,0,0,331,5,0,1,0,0,0,0,0,0,0,0,0,0,0,0,0,0,0,0,0,0,0,0,0,0,0,0,0,0,0,0,0,0,0,0,0,0,0,0,0,0,0,0,0,0,0,0,-1,0,-1,0,0,0,0,-1,0,-1,0,0,0,0,-1,0,-1,0,0,0,0,-1,0,-1,0,0,0,0,-1,0,-1,0, 'Matches a Red Socket. values doubled',0,0,0,0,0,-1,0,0,0,0,0,0,0,0,512,0,0,0,0,0,0,0,0,3303,-1,0,0,0,0, '',0,0,0,0,0, 12340),
(@GEM+62,3,0,-1, 'Phoenix Subtle Crimson Spinel',44920,4,0,0,1,240000,60000,0,-1,-1,70,0,0,0,0,0,0,331,5,0,1,0,0,0,0,0,0,0,0,0,0,0,0,0,0,0,0,0,0,0,0,0,0,0,0,0,0,0,0,0,0,0,0,0,0,0,0,0,0,0,0,0,0,0,0,-1,0,-1,0,0,0,0,-1,0,-1,0,0,0,0,-1,0,-1,0,0,0,0,-1,0,-1,0,0,0,0,-1,0,-1,0, 'Matches a Red Socket. values doubled',0,0,0,0,0,-1,0,0,0,0,0,0,0,0,512,0,0,0,0,0,0,0,0,3304,-1,0,0,0,0, '',0,0,0,0,0, 12340),
(@GEM+63,3,0,-1, 'Phoenix Flashing Crimson Spinel',44920,4,0,0,1,240000,60000,0,-1,-1,70,0,0,0,0,0,0,331,5,0,1,0,0,0,0,0,0,0,0,0,0,0,0,0,0,0,0,0,0,0,0,0,0,0,0,0,0,0,0,0,0,0,0,0,0,0,0,0,0,0,0,0,0,0,0,-1,0,-1,0,0,0,0,-1,0,-1,0,0,0,0,-1,0,-1,0,0,0,0,-1,0,-1,0,0,0,0,-1,0,-1,0, 'Matches a Red Socket. values doubled',0,0,0,0,0,-1,0,0,0,0,0,0,0,0,512,0,0,0,0,0,0,0,0,3305,-1,0,0,0,0, '',0,0,0,0,0, 12340),
(@GEM+64,3,1,-1, 'Phoenix Solid Empyrean Sapphire',44930,4,0,0,1,240000,60000,0,-1,-1,70,0,0,0,0,0,0,331,5,0,1,0,0,0,0,0,0,0,0,0,0,0,0,0,0,0,0,0,0,0,0,0,0,0,0,0,0,0,0,0,0,0,0,0,0,0,0,0,0,0,0,0,0,0,0,-1,0,-1,0,0,0,0,-1,0,-1,0,0,0,0,-1,0,-1,0,0,0,0,-1,0,-1,0,0,0,0,-1,0,-1,0, 'Matches a Blue Socket. values doubled',0,0,0,0,0,-1,0,0,0,0,0,0,0,0,512,0,0,0,0,0,0,0,0,3306,-1,0,0,0,0, '',0,0,0,0,0, 12340),
(@GEM+65,3,1,-1, 'Phoenix Sparkling Empyrean Sapphire',44930,4,0,0,1,240000,60000,0,-1,-1,70,0,0,0,0,0,0,331,5,0,1,0,0,0,0,0,0,0,0,0,0,0,0,0,0,0,0,0,0,0,0,0,0,0,0,0,0,0,0,0,0,0,0,0,0,0,0,0,0,0,0,0,0,0,0,-1,0,-1,0,0,0,0,-1,0,-1,0,0,0,0,-1,0,-1,0,0,0,0,-1,0,-1,0,0,0,0,-1,0,-1,0, 'Matches a Blue Socket. values doubled',0,0,0,0,0,-1,0,0,0,0,0,0,0,0,512,0,0,0,0,0,0,0,0,3307,-1,0,0,0,0, '',0,0,0,0,0, 12340),
(@GEM+66,3,1,-1, 'Phoenix Lustrous Empyrean Sapphire',44930,4,0,0,1,240000,60000,0,-1,-1,70,0,0,0,0,0,0,331,5,0,1,0,0,0,0,0,0,0,0,0,0,0,0,0,0,0,0,0,0,0,0,0,0,0,0,0,0,0,0,0,0,0,0,0,0,0,0,0,0,0,0,0,0,0,0,-1,0,-1,0,0,0,0,-1,0,-1,0,0,0,0,-1,0,-1,0,0,0,0,-1,0,-1,0,0,0,0,-1,0,-1,0, 'Matches a Blue Socket. values doubled',0,0,0,0,0,-1,0,0,0,0,0,0,0,0,512,0,0,0,0,0,0,0,0,3308,-1,0,0,0,0, '',0,0,0,0,0, 12340),
(@GEM+67,3,1,-1, 'Phoenix Stormy Empyrean Sapphire',44930,4,0,0,1,240000,60000,0,-1,-1,70,0,0,0,0,0,0,331,5,0,1,0,0,0,0,0,0,0,0,0,0,0,0,0,0,0,0,0,0,0,0,0,0,0,0,0,0,0,0,0,0,0,0,0,0,0,0,0,0,0,0,0,0,0,0,-1,0,-1,0,0,0,0,-1,0,-1,0,0,0,0,-1,0,-1,0,0,0,0,-1,0,-1,0,0,0,0,-1,0,-1,0, 'Matches a Blue Socket. values doubled',0,0,0,0,0,-1,0,0,0,0,0,0,0,0,512,0,0,0,0,0,0,0,0,3309,-1,0,0,0,0, '',0,0,0,0,0, 12340),
(@GEM+68,3,2,-1, 'Phoenix Brilliant Lionseye',44926,4,0,0,1,240000,60000,0,-1,-1,70,0,0,0,0,0,0,331,5,0,1,0,0,0,0,0,0,0,0,0,0,0,0,0,0,0,0,0,0,0,0,0,0,0,0,0,0,0,0,0,0,0,0,0,0,0,0,0,0,0,0,0,0,0,0,-1,0,-1,0,0,0,0,-1,0,-1,0,0,0,0,-1,0,-1,0,0,0,0,-1,0,-1,0,0,0,0,-1,0,-1,0, 'Matches a Yellow Socket. values doubled',0,0,0,0,0,-1,0,0,0,0,0,0,0,0,512,0,0,0,0,0,0,0,0,3310,-1,0,0,0,0, '',0,0,0,0,0, 12340),
(@GEM+69,3,2,-1, 'Phoenix Smooth Lionseye',44926,4,0,0,1,240000,60000,0,-1,-1,70,0,0,0,0,0,0,331,5,0,1,0,0,0,0,0,0,0,0,0,0,0,0,0,0,0,0,0,0,0,0,0,0,0,0,0,0,0,0,0,0,0,0,0,0,0,0,0,0,0,0,0,0,0,0,-1,0,-1,0,0,0,0,-1,0,-1,0,0,0,0,-1,0,-1,0,0,0,0,-1,0,-1,0,0,0,0,-1,0,-1,0, 'Matches a Yellow Socket. values doubled',0,0,0,0,0,-1,0,0,0,0,0,0,0,0,512,0,0,0,0,0,0,0,0,3311,-1,0,0,0,0, '',0,0,0,0,0, 12340),
(@GEM+70,3,2,-1, 'Phoenix Rigid Lionseye',44926,4,0,0,1,240000,60000,0,-1,-1,70,0,0,0,0,0,0,331,5,0,1,0,0,0,0,0,0,0,0,0,0,0,0,0,0,0,0,0,0,0,0,0,0,0,0,0,0,0,0,0,0,0,0,0,0,0,0,0,0,0,0,0,0,0,0,-1,0,-1,0,0,0,0,-1,0,-1,0,0,0,0,-1,0,-1,0,0,0,0,-1,0,-1,0,0,0,0,-1,0,-1,0, 'Matches a Yellow Socket. values doubled',0,0,0,0,0,-1,0,0,0,0,0,0,0,0,512,0,0,0,0,0,0,0,0,3312,-1,0,0,0,0, '',0,0,0,0,0, 12340),
(@GEM+71,3,2,-1, 'Phoenix Gleaming Lionseye',44926,4,0,0,1,240000,60000,0,-1,-1,70,0,0,0,0,0,0,331,5,0,1,0,0,0,0,0,0,0,0,0,0,0,0,0,0,0,0,0,0,0,0,0,0,0,0,0,0,0,0,0,0,0,0,0,0,0,0,0,0,0,0,0,0,0,0,-1,0,-1,0,0,0,0,-1,0,-1,0,0,0,0,-1,0,-1,0,0,0,0,-1,0,-1,0,0,0,0,-1,0,-1,0, 'Matches a Yellow Socket. values doubled',0,0,0,0,0,-1,0,0,0,0,0,0,0,0,512,0,0,0,0,0,0,0,0,3313,-1,0,0,0,0, '',0,0,0,0,0, 12340),
(@GEM+72,3,2,-1, 'Phoenix Thick Lionseye',44926,4,0,0,1,240000,60000,0,-1,-1,70,0,0,0,0,0,0,331,5,0,1,0,0,0,0,0,0,0,0,0,0,0,0,0,0,0,0,0,0,0,0,0,0,0,0,0,0,0,0,0,0,0,0,0,0,0,0,0,0,0,0,0,0,0,0,-1,0,-1,0,0,0,0,-1,0,-1,0,0,0,0,-1,0,-1,0,0,0,0,-1,0,-1,0,0,0,0,-1,0,-1,0, 'Matches a Yellow Socket. values doubled',0,0,0,0,0,-1,0,0,0,0,0,0,0,0,512,0,0,0,0,0,0,0,0,3314,-1,0,0,0,0, '',0,0,0,0,0, 12340),
(@GEM+73,3,2,-1, 'Phoenix Mystic Lionseye',44926,4,0,0,1,240000,60000,0,-1,-1,70,0,0,0,0,0,0,331,5,0,1,0,0,0,0,0,0,0,0,0,0,0,0,0,0,0,0,0,0,0,0,0,0,0,0,0,0,0,0,0,0,0,0,0,0,0,0,0,0,0,0,0,0,0,0,-1,0,-1,0,0,0,0,-1,0,-1,0,0,0,0,-1,0,-1,0,0,0,0,-1,0,-1,0,0,0,0,-1,0,-1,0, 'Matches a Yellow Socket. values doubled',0,0,0,0,0,-1,0,0,0,0,0,0,0,0,512,0,0,0,0,0,0,0,0,3315,-1,0,0,0,0, '',0,0,0,0,0, 12340),
(@GEM+74,3,2,-1, 'Phoenix Great Lionseye',44926,4,0,0,1,240000,60000,0,-1,-1,70,0,0,0,0,0,0,331,5,0,1,0,0,0,0,0,0,0,0,0,0,0,0,0,0,0,0,0,0,0,0,0,0,0,0,0,0,0,0,0,0,0,0,0,0,0,0,0,0,0,0,0,0,0,0,-1,0,-1,0,0,0,0,-1,0,-1,0,0,0,0,-1,0,-1,0,0,0,0,-1,0,-1,0,0,0,0,-1,0,-1,0, 'Matches a Yellow Socket. values doubled',0,0,0,0,0,-1,0,0,0,0,0,0,0,0,512,0,0,0,0,0,0,0,0,3316,-1,0,0,0,0, '',0,0,0,0,0, 12340),
(@GEM+75,3,3,-1, 'Phoenix Sovereign Shadowsong Amethyst',44924,4,0,0,1,240000,60000,0,-1,-1,70,0,0,0,0,0,0,331,5,0,1,0,0,0,0,0,0,0,0,0,0,0,0,0,0,0,0,0,0,0,0,0,0,0,0,0,0,0,0,0,0,0,0,0,0,0,0,0,0,0,0,0,0,0,0,-1,0,-1,0,0,0,0,-1,0,-1,0,0,0,0,-1,0,-1,0,0,0,0,-1,0,-1,0,0,0,0,-1,0,-1,0, 'Matches a Red or Blue Socket. values doubled',0,0,0,0,0,-1,0,0,0,0,0,0,0,0,512,0,0,0,0,0,0,0,0,3317,-1,0,0,0,0, '',0,0,0,0,0, 12340),
(@GEM+76,3,3,-1, 'Phoenix Shifting Shadowsong Amethyst',44924,4,0,0,1,240000,60000,0,-1,-1,70,0,0,0,0,0,0,331,5,0,1,0,0,0,0,0,0,0,0,0,0,0,0,0,0,0,0,0,0,0,0,0,0,0,0,0,0,0,0,0,0,0,0,0,0,0,0,0,0,0,0,0,0,0,0,-1,0,-1,0,0,0,0,-1,0,-1,0,0,0,0,-1,0,-1,0,0,0,0,-1,0,-1,0,0,0,0,-1,0,-1,0, 'Matches a Red or Blue Socket. values doubled',0,0,0,0,0,-1,0,0,0,0,0,0,0,0,512,0,0,0,0,0,0,0,0,3318,-1,0,0,0,0, '',0,0,0,0,0, 12340),
(@GEM+77,3,3,-1, 'Phoenix Balanced Shadowsong Amethyst',44924,4,0,0,1,240000,60000,0,-1,-1,70,0,0,0,0,0,0,331,5,0,1,0,0,0,0,0,0,0,0,0,0,0,0,0,0,0,0,0,0,0,0,0,0,0,0,0,0,0,0,0,0,0,0,0,0,0,0,0,0,0,0,0,0,0,0,-1,0,-1,0,0,0,0,-1,0,-1,0,0,0,0,-1,0,-1,0,0,0,0,-1,0,-1,0,0,0,0,-1,0,-1,0, 'Matches a Red or Blue Socket. values doubled',0,0,0,0,0,-1,0,0,0,0,0,0,0,0,512,0,0,0,0,0,0,0,0,3319,-1,0,0,0,0, '',0,0,0,0,0, 12340),
(@GEM+78,3,3,-1, 'Phoenix Infused Shadowsong Amethyst',44924,4,0,0,1,240000,60000,0,-1,-1,70,0,0,0,0,0,0,331,5,0,1,0,0,0,0,0,0,0,0,0,0,0,0,0,0,0,0,0,0,0,0,0,0,0,0,0,0,0,0,0,0,0,0,0,0,0,0,0,0,0,0,0,0,0,0,-1,0,-1,0,0,0,0,-1,0,-1,0,0,0,0,-1,0,-1,0,0,0,0,-1,0,-1,0,0,0,0,-1,0,-1,0, 'Matches a Red or Blue Socket. values doubled',0,0,0,0,0,-1,0,0,0,0,0,0,0,0,512,0,0,0,0,0,0,0,0,3320,-1,0,0,0,0, '',0,0,0,0,0, 12340),
(@GEM+79,3,3,-1, 'Phoenix Glowing Shadowsong Amethyst',44924,4,0,0,1,240000,60000,0,-1,-1,70,0,0,0,0,0,0,331,5,0,1,0,0,0,0,0,0,0,0,0,0,0,0,0,0,0,0,0,0,0,0,0,0,0,0,0,0,0,0,0,0,0,0,0,0,0,0,0,0,0,0,0,0,0,0,-1,0,-1,0,0,0,0,-1,0,-1,0,0,0,0,-1,0,-1,0,0,0,0,-1,0,-1,0,0,0,0,-1,0,-1,0, 'Matches a Red or Blue Socket. values doubled',0,0,0,0,0,-1,0,0,0,0,0,0,0,0,512,0,0,0,0,0,0,0,0,3321,-1,0,0,0,0, '',0,0,0,0,0, 12340),
(@GEM+80,3,3,-1, 'Phoenix Royal Shadowsong Amethyst',44924,4,0,0,1,240000,60000,0,-1,-1,70,0,0,0,0,0,0,331,5,0,1,0,0,0,0,0,0,0,0,0,0,0,0,0,0,0,0,0,0,0,0,0,0,0,0,0,0,0,0,0,0,0,0,0,0,0,0,0,0,0,0,0,0,0,0,-1,0,-1,0,0,0,0,-1,0,-1,0,0,0,0,-1,0,-1,0,0,0,0,-1,0,-1,0,0,0,0,-1,0,-1,0, 'Matches a Red or Blue Socket. values doubled',0,0,0,0,0,-1,0,0,0,0,0,0,0,0,512,0,0,0,0,0,0,0,0,3322,-1,0,0,0,0, '',0,0,0,0,0, 12340),
(@GEM+81,3,5,-1, 'Phoenix Inscribed Pyrestone',44927,4,0,0,1,240000,60000,0,-1,-1,70,0,0,0,0,0,0,331,5,0,1,0,0,0,0,0,0,0,0,0,0,0,0,0,0,0,0,0,0,0,0,0,0,0,0,0,0,0,0,0,0,0,0,0,0,0,0,0,0,0,0,0,0,0,0,-1,0,-1,0,0,0,0,-1,0,-1,0,0,0,0,-1,0,-1,0,0,0,0,-1,0,-1,0,0,0,0,-1,0,-1,0, 'Matches a Red or Yellow Socket. values doubled',0,0,0,0,0,-1,0,0,0,0,0,0,0,0,512,0,0,0,0,0,0,0,0,3323,-1,0,0,0,0, '',0,0,0,0,0, 12340),
(@GEM+82,3,5,-1, 'Phoenix Potent Pyrestone',44927,4,0,0,1,240000,60000,0,-1,-1,70,0,0,0,0,0,0,331,5,0,1,0,0,0,0,0,0,0,0,0,0,0,0,0,0,0,0,0,0,0,0,0,0,0,0,0,0,0,0,0,0,0,0,0,0,0,0,0,0,0,0,0,0,0,0,-1,0,-1,0,0,0,0,-1,0,-1,0,0,0,0,-1,0,-1,0,0,0,0,-1,0,-1,0,0,0,0,-1,0,-1,0, 'Matches a Red or Yellow Socket. values doubled',0,0,0,0,0,-1,0,0,0,0,0,0,0,0,512,0,0,0,0,0,0,0,0,3324,-1,0,0,0,0, '',0,0,0,0,0, 12340),
(@GEM+83,3,5,-1, 'Phoenix Luminous Pyrestone',44927,4,0,0,1,240000,60000,0,-1,-1,70,0,0,0,0,0,0,331,5,0,1,0,0,0,0,0,0,0,0,0,0,0,0,0,0,0,0,0,0,0,0,0,0,0,0,0,0,0,0,0,0,0,0,0,0,0,0,0,0,0,0,0,0,0,0,-1,0,-1,0,0,0,0,-1,0,-1,0,0,0,0,-1,0,-1,0,0,0,0,-1,0,-1,0,0,0,0,-1,0,-1,0, 'Matches a Red or Yellow Socket. values doubled',0,0,0,0,0,-1,0,0,0,0,0,0,0,0,512,0,0,0,0,0,0,0,0,3325,-1,0,0,0,0, '',0,0,0,0,0, 12340),
(@GEM+84,3,5,-1, 'Phoenix Glinting Pyrestone',44927,4,0,0,1,240000,60000,0,-1,-1,70,0,0,0,0,0,0,331,5,0,1,0,0,0,0,0,0,0,0,0,0,0,0,0,0,0,0,0,0,0,0,0,0,0,0,0,0,0,0,0,0,0,0,0,0,0,0,0,0,0,0,0,0,0,0,-1,0,-1,0,0,0,0,-1,0,-1,0,0,0,0,-1,0,-1,0,0,0,0,-1,0,-1,0,0,0,0,-1,0,-1,0, 'Matches a Red or Yellow Socket. values doubled',0,0,0,0,0,-1,0,0,0,0,0,0,0,0,512,0,0,0,0,0,0,0,0,3326,-1,0,0,0,0, '',0,0,0,0,0, 12340),
(@GEM+85,3,5,-1, 'Phoenix Veiled Pyrestone',44927,4,0,0,1,240000,60000,0,-1,-1,70,0,0,0,0,0,0,331,5,0,1,0,0,0,0,0,0,0,0,0,0,0,0,0,0,0,0,0,0,0,0,0,0,0,0,0,0,0,0,0,0,0,0,0,0,0,0,0,0,0,0,0,0,0,0,-1,0,-1,0,0,0,0,-1,0,-1,0,0,0,0,-1,0,-1,0,0,0,0,-1,0,-1,0,0,0,0,-1,0,-1,0, 'Matches a Red or Yellow Socket. values doubled',0,0,0,0,0,-1,0,0,0,0,0,0,0,0,512,0,0,0,0,0,0,0,0,3327,-1,0,0,0,0, '',0,0,0,0,0, 12340),
(@GEM+86,3,5,-1, 'Phoenix Wicked Pyrestone',44927,4,0,0,1,240000,60000,0,-1,-1,70,0,0,0,0,0,0,331,5,0,1,0,0,0,0,0,0,0,0,0,0,0,0,0,0,0,0,0,0,0,0,0,0,0,0,0,0,0,0,0,0,0,0,0,0,0,0,0,0,0,0,0,0,0,0,-1,0,-1,0,0,0,0,-1,0,-1,0,0,0,0,-1,0,-1,0,0,0,0,-1,0,-1,0,0,0,0,-1,0,-1,0, 'Matches a Red or Yellow Socket. values doubled',0,0,0,0,0,-1,0,0,0,0,0,0,0,0,512,0,0,0,0,0,0,0,0,3328,-1,0,0,0,0, '',0,0,0,0,0, 12340),
(@GEM+87,3,4,-1, 'Phoenix Enduring Seaspray Emerald',44921,4,0,0,1,240000,60000,0,-1,-1,70,0,0,0,0,0,0,331,5,0,1,0,0,0,0,0,0,0,0,0,0,0,0,0,0,0,0,0,0,0,0,0,0,0,0,0,0,0,0,0,0,0,0,0,0,0,0,0,0,0,0,0,0,0,0,-1,0,-1,0,0,0,0,-1,0,-1,0,0,0,0,-1,0,-1,0,0,0,0,-1,0,-1,0,0,0,0,-1,0,-1,0, 'Matches a Blue or Yellow Socket. values doubled',0,0,0,0,0,-1,0,0,0,0,0,0,0,0,512,0,0,0,0,0,0,0,0,3329,-1,0,0,0,0, '',0,0,0,0,0, 12340),
(@GEM+88,3,4,-1, 'Phoenix Radiant Seaspray Emerald',44921,4,0,0,1,240000,60000,0,-1,-1,70,0,0,0,0,0,0,331,5,0,1,0,0,0,0,0,0,0,0,0,0,0,0,0,0,0,0,0,0,0,0,0,0,0,0,0,0,0,0,0,0,0,0,0,0,0,0,0,0,0,0,0,0,0,0,-1,0,-1,0,0,0,0,-1,0,-1,0,0,0,0,-1,0,-1,0,0,0,0,-1,0,-1,0,0,0,0,-1,0,-1,0, 'Matches a Blue or Yellow Socket. values doubled',0,0,0,0,0,-1,0,0,0,0,0,0,0,0,512,0,0,0,0,0,0,0,0,3330,-1,0,0,0,0, '',0,0,0,0,0, 12340),
(@GEM+89,3,4,-1, 'Phoenix Dazzling Seaspray Emerald',44921,4,0,0,1,240000,60000,0,-1,-1,70,0,0,0,0,0,0,331,5,0,1,0,0,0,0,0,0,0,0,0,0,0,0,0,0,0,0,0,0,0,0,0,0,0,0,0,0,0,0,0,0,0,0,0,0,0,0,0,0,0,0,0,0,0,0,-1,0,-1,0,0,0,0,-1,0,-1,0,0,0,0,-1,0,-1,0,0,0,0,-1,0,-1,0,0,0,0,-1,0,-1,0, 'Matches a Blue or Yellow Socket. values doubled',0,0,0,0,0,-1,0,0,0,0,0,0,0,0,512,0,0,0,0,0,0,0,0,3331,-1,0,0,0,0, '',0,0,0,0,0, 12340),
(@GEM+90,3,4,-1, 'Phoenix Jagged Seaspray Emerald',44921,4,0,0,1,240000,60000,0,-1,-1,70,0,0,0,0,0,0,331,5,0,1,0,0,0,0,0,0,0,0,0,0,0,0,0,0,0,0,0,0,0,0,0,0,0,0,0,0,0,0,0,0,0,0,0,0,0,0,0,0,0,0,0,0,0,0,-1,0,-1,0,0,0,0,-1,0,-1,0,0,0,0,-1,0,-1,0,0,0,0,-1,0,-1,0,0,0,0,-1,0,-1,0, 'Matches a Blue or Yellow Socket. values doubled',0,0,0,0,0,-1,0,0,0,0,0,0,0,0,512,0,0,0,0,0,0,0,0,3332,-1,0,0,0,0, '',0,0,0,0,0, 12340),
(@GEM+91,3,4,-1, 'Phoenix Radiant Spencerite',39930,4,524288,0,1,120000,30000,0,-1,-1,70,0,0,0,0,0,0,331,5,0,1,0,0,0,0,0,0,0,0,0,0,0,0,0,0,0,0,0,0,0,0,0,0,0,0,0,0,0,0,0,0,0,0,0,0,0,0,0,0,0,0,0,0,0,0,-1,0,-1,0,0,0,0,-1,0,-1,0,0,0,0,-1,0,-1,0,0,0,0,-1,0,-1,0,0,0,0,-1,0,-1,1, 'Matches a Yellow or Blue Socket. values doubled',0,0,0,0,0,-1,0,0,0,0,0,0,0,0,512,0,0,0,0,0,0,0,0,3379,-1,0,0,0,0, '',0,0,0,0,0, 12340),
(@GEM+92,3,0,-1, 'Phoenix Crimson Sun',44920,4,524288,0,1,120000,30000,0,-1,-1,70,0,0,0,0,0,0,331,5,0,1,0,0,0,0,0,0,0,0,0,0,0,0,0,0,0,0,0,0,0,0,0,0,0,0,0,0,0,0,0,0,0,0,0,0,0,0,0,0,0,0,0,0,0,0,-1,0,-1,0,0,0,0,-1,0,-1,0,0,0,0,-1,0,-1,0,0,0,0,-1,0,-1,0,0,0,0,-1,0,-1,1, 'Matches a Red Socket.  Socketing this gem causes the item to become Soulbound. values doubled',0,0,0,0,0,-1,0,0,0,0,0,0,0,0,512,0,0,0,0,0,0,0,0,3460,-1,0,0,0,0, '',0,0,0,0,0, 12340),
(@GEM+93,3,0,-1, 'Phoenix Delicate Fire Ruby',44920,4,524288,0,1,120000,30000,0,-1,-1,70,0,0,0,0,0,0,331,5,0,1,0,0,0,0,0,0,0,0,0,0,0,0,0,0,0,0,0,0,0,0,0,0,0,0,0,0,0,0,0,0,0,0,0,0,0,0,0,0,0,0,0,0,0,0,-1,0,-1,0,0,0,0,-1,0,-1,0,0,0,0,-1,0,-1,0,0,0,0,-1,0,-1,0,0,0,0,-1,0,-1,1, 'Matches a Red Socket. values doubled',0,0,0,0,0,-1,0,0,0,0,0,0,0,0,512,0,0,0,0,0,0,0,0,3461,-1,0,0,0,0, '',0,0,0,0,0, 12340),
(@GEM+94,3,0,-1, 'Phoenix Don Julio\'s Heart',44920,4,524288,0,1,120000,30000,0,-1,-1,70,0,0,0,0,0,0,331,5,0,1,0,0,0,0,0,0,0,0,0,0,0,0,0,0,0,0,0,0,0,0,0,0,0,0,0,0,0,0,0,0,0,0,0,0,0,0,0,0,0,0,0,0,0,0,-1,0,-1,0,0,0,0,-1,0,-1,0,0,0,0,-1,0,-1,0,0,0,0,-1,0,-1,0,0,0,0,-1,0,-1,1, 'Matches a Red Socket.  Socketing this gem causes the item to become Soulbound. values doubled',0,0,0,0,0,-1,0,0,0,0,0,0,0,0,512,0,0,0,0,0,0,0,0,3462,-1,0,0,0,0, '',0,0,0,0,0, 12340),
(@GEM+95,3,0,-1, 'Phoenix Kailee\'s Rose',44920,4,524288,0,1,120000,30000,0,-1,-1,70,0,0,0,0,0,0,331,5,0,1,0,0,0,0,0,0,0,0,0,0,0,0,0,0,0,0,0,0,0,0,0,0,0,0,0,0,0,0,0,0,0,0,0,0,0,0,0,0,0,0,0,0,0,0,-1,0,-1,0,0,0,0,-1,0,-1,0,0,0,0,-1,0,-1,0,0,0,0,-1,0,-1,0,0,0,0,-1,0,-1,1, 'Matches a Red Socket.  Socketing this gem causes the item to become Soulbound. values doubled',0,0,0,0,0,-1,0,0,0,0,0,0,0,0,512,0,0,0,0,0,0,0,0,3463,-1,0,0,0,0, '',0,0,0,0,0, 12340),
(@GEM+96,3,1,-1, 'Phoenix Falling Star',44930,4,524288,0,1,120000,30000,0,-1,-1,70,0,0,0,0,0,0,331,5,0,1,0,0,0,0,0,0,0,0,0,0,0,0,0,0,0,0,0,0,0,0,0,0,0,0,0,0,0,0,0,0,0,0,0,0,0,0,0,0,0,0,0,0,0,0,-1,0,-1,0,0,0,0,-1,0,-1,0,0,0,0,-1,0,-1,0,0,0,0,-1,0,-1,0,0,0,0,-1,0,-1,1, 'Matches a Blue Socket.  Socketing this gem causes the item to become Soulbound. values doubled',0,0,0,0,0,-1,0,0,0,0,0,0,0,0,512,0,0,0,0,0,0,0,0,3464,-1,0,0,0,0, '',0,0,0,0,0, 12340),
(@GEM+97,3,1,-1, 'Phoenix Sparkling Falling Star',44930,4,524288,0,1,120000,30000,0,-1,-1,70,0,0,0,0,0,0,331,5,0,1,0,0,0,0,0,0,0,0,0,0,0,0,0,0,0,0,0,0,0,0,0,0,0,0,0,0,0,0,0,0,0,0,0,0,0,0,0,0,0,0,0,0,0,0,-1,0,-1,0,0,0,0,-1,0,-1,0,0,0,0,-1,0,-1,0,0,0,0,-1,0,-1,0,0,0,0,-1,0,-1,1, 'Matches a Blue Socket. values doubled',0,0,0,0,0,-1,0,0,0,0,0,0,0,0,512,0,0,0,0,0,0,0,0,3466,-1,0,0,0,0, '',0,0,0,0,0, 12340),
(@GEM+98,3,2,-1, 'Phoenix Mystic Bladestone',44926,4,524288,0,1,120000,30000,0,-1,-1,70,0,0,0,0,0,0,331,5,0,1,0,0,0,0,0,0,0,0,0,0,0,0,0,0,0,0,0,0,0,0,0,0,0,0,0,0,0,0,0,0,0,0,0,0,0,0,0,0,0,0,0,0,0,0,-1,0,-1,0,0,0,0,-1,0,-1,0,0,0,0,-1,0,-1,0,0,0,0,-1,0,-1,0,0,0,0,-1,0,-1,1, 'Matches a Yellow Socket. values doubled',0,0,0,0,0,-1,0,0,0,0,0,0,0,0,512,0,0,0,0,0,0,0,0,3467,-1,0,0,0,0, '',0,0,0,0,0, 12340),
(@GEM+99,3,2,-1, 'Phoenix Brilliant Bladestone',44926,4,524288,0,1,120000,30000,0,-1,-1,70,0,0,0,0,0,0,331,5,0,1,0,0,0,0,0,0,0,0,0,0,0,0,0,0,0,0,0,0,0,0,0,0,0,0,0,0,0,0,0,0,0,0,0,0,0,0,0,0,0,0,0,0,0,0,-1,0,-1,0,0,0,0,-1,0,-1,0,0,0,0,-1,0,-1,0,0,0,0,-1,0,-1,0,0,0,0,-1,0,-1,1, 'Matches a Yellow Socket. values doubled',0,0,0,0,0,-1,0,0,0,0,0,0,0,0,512,0,0,0,0,0,0,0,0,3468,-1,0,0,0,0, '',0,0,0,0,0, 12340),
(@GEM+100,3,2,-1, 'Phoenix Blood of Amber',44926,4,524288,0,1,120000,30000,0,-1,-1,70,0,0,0,0,0,0,331,5,0,1,0,0,0,0,0,0,0,0,0,0,0,0,0,0,0,0,0,0,0,0,0,0,0,0,0,0,0,0,0,0,0,0,0,0,0,0,0,0,0,0,0,0,0,0,-1,0,-1,0,0,0,0,-1,0,-1,0,0,0,0,-1,0,-1,0,0,0,0,-1,0,-1,0,0,0,0,-1,0,-1,1, 'Matches a Yellow Socket.  Socketing this gem causes the item to become Soulbound. values doubled',0,0,0,0,0,-1,0,0,0,0,0,0,0,0,512,0,0,0,0,0,0,0,0,3469,-1,0,0,0,0, '',0,0,0,0,0, 12340),
(@GEM+101,3,2,-1, 'Phoenix Great Bladestone',44926,4,524288,0,1,120000,30000,0,-1,-1,70,0,0,0,0,0,0,331,5,0,1,0,0,0,0,0,0,0,0,0,0,0,0,0,0,0,0,0,0,0,0,0,0,0,0,0,0,0,0,0,0,0,0,0,0,0,0,0,0,0,0,0,0,0,0,-1,0,-1,0,0,0,0,-1,0,-1,0,0,0,0,-1,0,-1,0,0,0,0,-1,0,-1,0,0,0,0,-1,0,-1,1, 'Matches a Yellow Socket. values doubled',0,0,0,0,0,-1,0,0,0,0,0,0,0,0,512,0,0,0,0,0,0,0,0,3470,-1,0,0,0,0, '',0,0,0,0,0, 12340),
(@GEM+102,3,2,-1, 'Phoenix Rigid Bladestone',44926,4,524288,0,1,120000,30000,0,-1,-1,70,0,0,0,0,0,0,331,5,0,1,0,0,0,0,0,0,0,0,0,0,0,0,0,0,0,0,0,0,0,0,0,0,0,0,0,0,0,0,0,0,0,0,0,0,0,0,0,0,0,0,0,0,0,0,-1,0,-1,0,0,0,0,-1,0,-1,0,0,0,0,-1,0,-1,0,0,0,0,-1,0,-1,0,0,0,0,-1,0,-1,1, 'Matches a Yellow Socket. values doubled',0,0,0,0,0,-1,0,0,0,0,0,0,0,0,512,0,0,0,0,0,0,0,0,3471,-1,0,0,0,0, '',0,0,0,0,0, 12340),
(@GEM+103,3,2,-1, 'Phoenix Stone of Blades',44926,4,524288,0,1,120000,30000,0,-1,-1,70,0,0,0,0,0,0,331,5,0,1,0,0,0,0,0,0,0,0,0,0,0,0,0,0,0,0,0,0,0,0,0,0,0,0,0,0,0,0,0,0,0,0,0,0,0,0,0,0,0,0,0,0,0,0,-1,0,-1,0,0,0,0,-1,0,-1,0,0,0,0,-1,0,-1,0,0,0,0,-1,0,-1,0,0,0,0,-1,0,-1,1, 'Matches a Yellow Socket.  Socketing this gem causes the item to become Soulbound. values doubled',0,0,0,0,0,-1,0,0,0,0,0,0,0,0,512,0,0,0,0,0,0,0,0,3472,-1,0,0,0,0, '',0,0,0,0,0, 12340),
(@GEM+104,3,2,-1, 'Phoenix Facet of Eternity',44926,4,524288,0,1,120000,30000,0,-1,-1,70,0,0,0,0,0,0,331,5,0,1,0,0,0,0,0,0,0,0,0,0,0,0,0,0,0,0,0,0,0,0,0,0,0,0,0,0,0,0,0,0,0,0,0,0,0,0,0,0,0,0,0,0,0,0,-1,0,-1,0,0,0,0,-1,0,-1,0,0,0,0,-1,0,-1,0,0,0,0,-1,0,-1,0,0,0,0,-1,0,-1,1, 'Matches a Yellow Socket.  Socketing this gem causes the item to become Soulbound. values doubled',0,0,0,0,0,-1,0,0,0,0,0,0,0,0,512,0,0,0,0,0,0,0,0,3473,-1,0,0,0,0, '',0,0,0,0,0, 12340),
(@GEM+105,3,1,-1, 'Phoenix Charmed Amani Jewel',46252,4,524288,0,1,0,0,0,-1,-1,70,0,0,0,0,0,0,331,5,0,1,0,0,0,0,0,0,0,0,0,0,0,0,0,0,0,0,0,0,0,0,0,0,0,0,0,0,0,0,0,0,0,0,0,0,0,0,0,0,0,0,0,0,0,0,-1,0,-1,0,0,0,0,-1,0,-1,0,0,0,0,-1,0,-1,0,0,0,0,-1,0,-1,0,0,0,0,-1,0,-1,1, 'Matches a Blue Socket. values doubled',0,0,0,0,0,-1,0,0,0,0,0,0,0,0,512,0,0,0,0,0,0,0,0,3579,-1,0,0,0,0, '',0,0,0,0,0, 12340),
(@GEM+106,3,0,-1, 'Phoenix Bright Crimson Spinel',44920,4,0,0,1,240000,60000,0,-1,-1,70,0,0,0,0,0,0,331,5,0,1,0,0,0,0,0,0,0,0,0,0,0,0,0,0,0,0,0,0,0,0,0,0,0,0,0,0,0,0,0,0,0,0,0,0,0,0,0,0,0,0,0,0,0,0,-1,0,-1,0,0,0,0,-1,0,-1,0,0,0,0,-1,0,-1,0,0,0,0,-1,0,-1,0,0,0,0,-1,0,-1,1, 'Matches a Red Socket. values doubled',0,0,0,0,0,-1,0,0,0,0,0,0,0,0,512,0,0,0,0,0,0,0,0,3679,-1,0,0,0,0, '',0,0,0,0,0, 12340),
(@GEM+107,3,0,-1, 'Phoenix Runed Crimson Spinel',44920,4,0,0,1,240000,60000,0,-1,-1,70,0,0,0,0,0,0,331,5,0,1,0,0,0,0,0,0,0,0,0,0,0,0,0,0,0,0,0,0,0,0,0,0,0,0,0,0,0,0,0,0,0,0,0,0,0,0,0,0,0,0,0,0,0,0,-1,0,-1,0,0,0,0,-1,0,-1,0,0,0,0,-1,0,-1,0,0,0,0,-1,0,-1,0,0,0,0,-1,0,-1,1, 'Matches a Red Socket. values doubled',0,0,0,0,0,-1,0,0,0,0,0,0,0,0,512,0,0,0,0,0,0,0,0,3680,-1,0,0,0,0, '',0,0,0,0,0, 12340),
(@GEM+108,3,0,-1, 'Phoenix Teardrop Crimson Spinel',44920,4,0,0,1,240000,60000,0,-1,-1,70,0,0,0,0,0,0,331,5,0,1,0,0,0,0,0,0,0,0,0,0,0,0,0,0,0,0,0,0,0,0,0,0,0,0,0,0,0,0,0,0,0,0,0,0,0,0,0,0,0,0,0,0,0,0,-1,0,-1,0,0,0,0,-1,0,-1,0,0,0,0,-1,0,-1,0,0,0,0,-1,0,-1,0,0,0,0,-1,0,-1,1, 'Matches a Red Socket. values doubled',0,0,0,0,0,-1,0,0,0,0,0,0,0,0,512,0,0,0,0,0,0,0,0,3681,-1,0,0,0,0, '',0,0,0,0,0, 12340),
(@GEM+109,3,4,-1, 'Phoenix Steady Seaspray Emerald',44921,4,0,0,1,120000,30000,0,-1,-1,70,0,0,0,0,0,0,331,5,0,1,0,0,0,0,0,0,0,0,0,0,0,0,0,0,0,0,0,0,0,0,0,0,0,0,0,0,0,0,0,0,0,0,0,0,0,0,0,0,0,0,0,0,0,0,-1,0,-1,0,0,0,0,-1,0,-1,0,0,0,0,-1,0,-1,0,0,0,0,-1,0,-1,0,0,0,0,-1,0,-1,0, 'Matches a Yellow or Blue Socket. values doubled',0,0,0,0,0,-1,0,0,0,0,0,0,0,0,512,0,0,0,0,0,0,0,0,3739,-1,0,0,0,0, '',0,0,0,0,0, 12340),
(@GEM+110,3,4,-1, 'Phoenix Forceful Seaspray Emerald',44921,4,0,0,1,120000,30000,0,-1,-1,70,0,0,0,0,0,0,331,5,0,1,0,0,0,0,0,0,0,0,0,0,0,0,0,0,0,0,0,0,0,0,0,0,0,0,0,0,0,0,0,0,0,0,0,0,0,0,0,0,0,0,0,0,0,0,-1,0,-1,0,0,0,0,-1,0,-1,0,0,0,0,-1,0,-1,0,0,0,0,-1,0,-1,0,0,0,0,-1,0,-1,0, 'Matches a Yellow or Blue Socket. values doubled',0,0,0,0,0,-1,0,0,0,0,0,0,0,0,512,0,0,0,0,0,0,0,0,3740,-1,0,0,0,0, '',0,0,0,0,0, 12340),
(@GEM+111,3,5,-1, 'Phoenix Reckless Pyrestone',44927,4,0,0,1,240000,60000,0,-1,-1,70,0,0,0,0,0,0,331,5,0,1,0,0,0,0,0,0,0,0,0,0,0,0,0,0,0,0,0,0,0,0,0,0,0,0,0,0,0,0,0,0,0,0,0,0,0,0,0,0,0,0,0,0,0,0,-1,0,-1,0,0,0,0,-1,0,-1,0,0,0,0,-1,0,-1,0,0,0,0,-1,0,-1,0,0,0,0,-1,0,-1,0, 'Matches a Red or Yellow Socket. values doubled',0,0,0,0,0,-1,0,0,0,0,0,0,0,0,512,0,0,0,0,0,0,0,0,3741,-1,0,0,0,0, '',0,0,0,0,0, 12340),
(@GEM+112,3,2,-1, 'Phoenix Quick Lionseye',44926,4,0,0,1,240000,60000,0,-1,-1,70,0,0,0,0,0,0,331,5,0,1,0,0,0,0,0,0,0,0,0,0,0,0,0,0,0,0,0,0,0,0,0,0,0,0,0,0,0,0,0,0,0,0,0,0,0,0,0,0,0,0,0,0,0,0,-1,0,-1,0,0,0,0,-1,0,-1,0,0,0,0,-1,0,-1,0,0,0,0,-1,0,-1,0,0,0,0,-1,0,-1,0, 'Matches a Yellow Socket. values doubled',0,0,0,0,0,-1,0,0,0,0,0,0,0,0,512,0,0,0,0,0,0,0,0,3742,-1,0,0,0,0, '',0,0,0,0,0, 12340),
(@GEM+113,3,0,-1, 'Phoenix Bright Dragon\'s Eye',61981,4,65536,0,1,45000,11250,0,-1,-1,80,0,755,350,0,0,0,331,5,0,1,0,0,0,0,0,0,0,0,0,0,0,0,0,0,0,0,0,0,0,0,0,0,0,0,0,0,0,0,0,0,0,0,0,0,0,0,0,0,0,0,0,0,0,0,-1,0,-1,0,0,0,0,-1,0,-1,0,0,0,0,-1,0,-1,0,0,0,0,-1,0,-1,0,0,0,0,-1,0,-1,1, 'Matches a Red socket. values doubled',0,0,0,0,0,-1,0,0,0,0,0,0,0,0,512,0,0,0,0,0,0,0,0,3759,-1,0,0,2,0, '',0,0,0,0,0, 12340),
(@GEM+114,3,1,-1, 'Phoenix Solid Dragon\'s Eye',61982,4,65536,0,1,45000,11250,0,-1,-1,80,0,755,350,0,0,0,331,5,0,1,0,0,0,0,0,0,0,0,0,0,0,0,0,0,0,0,0,0,0,0,0,0,0,0,0,0,0,0,0,0,0,0,0,0,0,0,0,0,0,0,0,0,0,0,-1,0,-1,0,0,0,0,-1,0,-1,0,0,0,0,-1,0,-1,0,0,0,0,-1,0,-1,0,0,0,0,-1,0,-1,1, 'Matches a Blue socket. values doubled',0,0,0,0,0,4,0,0,0,0,0,0,0,0,512,0,0,0,0,0,0,0,0,3760,-1,0,0,2,0, '',0,0,0,0,0, 12340),
(@GEM+115,3,3,-1, 'Phoenix Purified Shadowsong Amethyst',44924,4,0,0,1,240000,60000,0,-1,-1,70,0,0,0,0,0,0,331,5,0,1,0,0,0,0,0,0,0,0,0,0,0,0,0,0,0,0,0,0,0,0,0,0,0,0,0,0,0,0,0,0,0,0,0,0,0,0,0,0,0,0,0,0,0,0,-1,0,-1,0,0,0,0,-1,0,-1,0,0,0,0,-1,0,-1,0,0,0,0,-1,0,-1,0,0,0,0,-1,0,-1,0, 'Matches a Red or Blue Socket. values doubled',0,0,0,0,0,-1,0,0,0,0,0,0,0,0,512,0,0,0,0,0,0,0,0,3799,-1,0,0,0,0, '',0,0,0,0,0, 12340),
(@GEM+116,3,0,-1, 'Phoenix Bold Ornate Ruby',4777,4,4096,0,1,0,0,0,-1,-1,60,0,0,0,0,0,0,331,5,0,1,0,0,0,0,0,0,0,0,0,0,0,0,0,0,0,0,0,0,0,0,0,0,0,0,0,0,0,0,0,0,0,0,0,0,0,0,0,0,0,0,0,0,0,0,-1,0,-1,0,0,0,0,-1,0,-1,0,0,0,0,-1,0,-1,0,0,0,0,-1,0,-1,0,0,0,0,-1,0,-1,1, 'Matches a Red Socket. values doubled',0,0,0,0,0,4,0,0,0,0,0,0,0,0,512,0,0,0,0,0,0,0,0,3880,-1,0,0,0,0, '',0,0,0,0,0, 12340),
(@GEM+117,3,2,-1, 'Phoenix Gleaming Ornate Dawnstone',20978,4,4096,0,1,0,0,0,-1,-1,60,0,0,0,0,0,0,331,5,0,1,0,0,0,0,0,0,0,0,0,0,0,0,0,0,0,0,0,0,0,0,0,0,0,0,0,0,0,0,0,0,0,0,0,0,0,0,0,0,0,0,0,0,0,0,-1,0,-1,0,0,0,0,-1,0,-1,0,0,0,0,-1,0,-1,0,0,0,0,-1,0,-1,0,0,0,0,-1,0,-1,1, 'Matches a Yellow Socket. values doubled',0,0,0,0,0,4,0,0,0,0,0,0,0,0,512,0,0,0,0,0,0,0,0,3881,-1,0,0,0,0, '',0,0,0,0,0, 12340),
(@GEM+118,3,5,-1, 'Phoenix Inscribed Ornate Topaz',7221,4,4096,0,1,0,0,0,-1,-1,60,0,0,0,0,0,0,331,5,0,1,0,0,0,0,0,0,0,0,0,0,0,0,0,0,0,0,0,0,0,0,0,0,0,0,0,0,0,0,0,0,0,0,0,0,0,0,0,0,0,0,0,0,0,0,-1,0,-1,0,0,0,0,-1,0,-1,0,0,0,0,-1,0,-1,0,0,0,0,-1,0,-1,0,0,0,0,-1,0,-1,1, 'Matches a Red or Yellow Socket. values doubled',0,0,0,0,0,4,0,0,0,0,0,0,0,0,512,0,0,0,0,0,0,0,0,3882,-1,0,0,0,0, '',0,0,0,0,0, 12340),
(@GEM+119,3,5,-1, 'Phoenix Potent Ornate Topaz',7339,4,4096,0,1,0,0,0,-1,-1,60,0,0,0,0,0,0,331,5,0,1,0,0,0,0,0,0,0,0,0,0,0,0,0,0,0,0,0,0,0,0,0,0,0,0,0,0,0,0,0,0,0,0,0,0,0,0,0,0,0,0,0,0,0,0,-1,0,-1,0,0,0,0,-1,0,-1,0,0,0,0,-1,0,-1,0,0,0,0,-1,0,-1,0,0,0,0,-1,0,-1,1, 'Matches a Red or Yellow Socket. values doubled',0,0,0,0,0,4,0,0,0,0,0,0,0,0,512,0,0,0,0,0,0,0,0,3883,-1,0,0,0,0, '',0,0,0,0,0, 12340),
(@GEM+120,3,0,-1, 'Phoenix Runed Ornate Ruby',6006,4,4096,0,1,0,0,0,-1,-1,60,0,0,0,0,0,0,331,5,0,1,0,0,0,0,0,0,0,0,0,0,0,0,0,0,0,0,0,0,0,0,0,0,0,0,0,0,0,0,0,0,0,0,0,0,0,0,0,0,0,0,0,0,0,0,-1,0,-1,0,0,0,0,-1,0,-1,0,0,0,0,-1,0,-1,0,0,0,0,-1,0,-1,0,0,0,0,-1,0,-1,1, 'Matches a Red Socket. values doubled',0,0,0,0,0,4,0,0,0,0,0,0,0,0,512,0,0,0,0,0,0,0,0,3884,-1,0,0,0,0, '',0,0,0,0,0, 12340),
(@GEM+121,3,2,-1, 'Phoenix Smooth Ornate Dawnstone',18707,4,4096,0,1,0,0,0,-1,-1,60,0,0,0,0,0,0,331,5,0,1,0,0,0,0,0,0,0,0,0,0,0,0,0,0,0,0,0,0,0,0,0,0,0,0,0,0,0,0,0,0,0,0,0,0,0,0,0,0,0,0,0,0,0,0,-1,0,-1,0,0,0,0,-1,0,-1,0,0,0,0,-1,0,-1,0,0,0,0,-1,0,-1,0,0,0,0,-1,0,-1,1, 'Matches a Yellow Socket. values doubled',0,0,0,0,0,4,0,0,0,0,0,0,0,0,512,0,0,0,0,0,0,0,0,3885,-1,0,0,0,0, '',0,0,0,0,0, 12340),
(@GEM+122,3,0,-1, 'Phoenix Bold Cardinal Ruby',58601,4,0,0,1,360000,90000,0,-1,-1,80,0,0,0,0,0,0,331,5,0,1,0,10,0,0,0,0,0,0,0,0,0,0,0,0,0,0,0,0,0,0,0,0,0,0,0,0,0,0,0,0,0,0,0,0,0,0,0,0,0,0,0,0,0,0,-1,0,-1,0,0,0,0,-1,0,-1,0,0,0,0,-1,0,-1,0,0,0,0,-1,0,-1,0,0,0,0,-1,0,-1,0, 'Matches a Red Socket. values doubled',0,0,0,0,0,4,0,0,0,0,0,0,0,0,512,0,0,0,0,0,0,0,0,4045,-1,0,0,0,0, '',0,0,0,0,0, 12340),
(@GEM+123,3,0,-1, 'Phoenix Delicate Cardinal Ruby',58601,4,0,0,1,360000,90000,0,-1,-1,80,0,0,0,0,0,0,331,5,0,1,0,0,0,0,0,0,0,0,0,0,0,0,0,0,0,0,0,0,0,0,0,0,0,0,0,0,0,0,0,0,0,0,0,0,0,0,0,0,0,0,0,0,0,0,-1,0,-1,0,0,0,0,-1,0,-1,0,0,0,0,-1,0,-1,0,0,0,0,-1,0,-1,0,0,0,0,-1,0,-1,0, 'Matches a Red Socket. values doubled',0,0,0,0,0,4,0,0,0,0,0,0,0,0,512,0,0,0,0,0,0,0,0,4046,-1,0,0,0,0, '',0,0,0,0,0, 12340),
(@GEM+124,3,0,-1, 'Phoenix Runed Cardinal Ruby',58601,4,0,0,1,360000,90000,0,-1,-1,80,0,0,0,0,0,0,331,5,0,1,0,0,0,0,0,0,0,0,0,0,0,0,0,0,0,0,0,0,0,0,0,0,0,0,0,0,0,0,0,0,0,0,0,0,0,0,0,0,0,0,0,0,0,0,-1,0,-1,0,0,0,0,-1,0,-1,0,0,0,0,-1,0,-1,0,0,0,0,-1,0,-1,0,0,0,0,-1,0,-1,0, 'Matches a Red Socket. values doubled',0,0,0,0,0,4,0,0,0,0,0,0,0,0,512,0,0,0,0,0,0,0,0,4047,-1,0,0,0,0, '',0,0,0,0,0, 12340),
(@GEM+125,3,0,-1, 'Phoenix Bright Cardinal Ruby',58601,4,0,0,1,360000,90000,0,-1,-1,80,0,0,0,0,0,0,331,5,0,1,0,0,0,0,0,0,0,0,0,0,0,0,0,0,0,0,0,0,0,0,0,0,0,0,0,0,0,0,0,0,0,0,0,0,0,0,0,0,0,0,0,0,0,0,-1,0,-1,0,0,0,0,-1,0,-1,0,0,0,0,-1,0,-1,0,0,0,0,-1,0,-1,0,0,0,0,-1,0,-1,0, 'Matches a Red Socket. values doubled',0,0,0,0,0,4,0,0,0,0,0,0,0,0,512,0,0,0,0,0,0,0,0,4048,-1,0,0,0,0, '',0,0,0,0,0, 12340),
(@GEM+126,3,0,-1, 'Phoenix Subtle Cardinal Ruby',58601,4,0,0,1,360000,90000,0,-1,-1,80,0,0,0,0,0,0,331,5,0,1,0,0,0,0,0,0,0,0,0,0,0,0,0,0,0,0,0,0,0,0,0,0,0,0,0,0,0,0,0,0,0,0,0,0,0,0,0,0,0,0,0,0,0,0,-1,0,-1,0,0,0,0,-1,0,-1,0,0,0,0,-1,0,-1,0,0,0,0,-1,0,-1,0,0,0,0,-1,0,-1,0, 'Matches a Red Socket. values doubled',0,0,0,0,0,4,0,0,0,0,0,0,0,0,512,0,0,0,0,0,0,0,0,4049,-1,0,0,0,0, '',0,0,0,0,0, 12340),
(@GEM+127,3,0,-1, 'Phoenix Flashing Cardinal Ruby',58601,4,0,0,1,360000,90000,0,-1,-1,80,0,0,0,0,0,0,331,5,0,1,0,0,0,0,0,0,0,0,0,0,0,0,0,0,0,0,0,0,0,0,0,0,0,0,0,0,0,0,0,0,0,0,0,0,0,0,0,0,0,0,0,0,0,0,-1,0,-1,0,0,0,0,-1,0,-1,0,0,0,0,-1,0,-1,0,0,0,0,-1,0,-1,0,0,0,0,-1,0,-1,0, 'Matches a Red Socket. values doubled',0,0,0,0,0,4,0,0,0,0,0,0,0,0,512,0,0,0,0,0,0,0,0,4050,-1,0,0,0,0, '',0,0,0,0,0, 12340),
(@GEM+128,3,0,-1, 'Phoenix Fractured Cardinal Ruby',58601,4,0,0,1,360000,90000,0,-1,-1,80,0,0,0,0,0,0,331,5,0,1,0,0,0,0,0,0,0,0,0,0,0,0,0,0,0,0,0,0,0,0,0,0,0,0,0,0,0,0,0,0,0,0,0,0,0,0,0,0,0,0,0,0,0,0,-1,0,-1,0,0,0,0,-1,0,-1,0,0,0,0,-1,0,-1,0,0,0,0,-1,0,-1,0,0,0,0,-1,0,-1,0, 'Matches a Red Socket. values doubled',0,0,0,0,0,4,0,0,0,0,0,0,0,0,512,0,0,0,0,0,0,0,0,4051,-1,0,0,0,0, '',0,0,0,0,0, 12340),
(@GEM+129,3,0,-1, 'Phoenix Precise Cardinal Ruby',58601,4,0,0,1,360000,90000,0,-1,-1,80,0,0,0,0,0,0,331,5,0,1,0,0,0,0,0,0,0,0,0,0,0,0,0,0,0,0,0,0,0,0,0,0,0,0,0,0,0,0,0,0,0,0,0,0,0,0,0,0,0,0,0,0,0,0,-1,0,-1,0,0,0,0,-1,0,-1,0,0,0,0,-1,0,-1,0,0,0,0,-1,0,-1,0,0,0,0,-1,0,-1,0, 'Matches a Red Socket. values doubled',0,0,0,0,0,4,0,0,0,0,0,0,0,0,512,0,0,0,0,0,0,0,0,4052,-1,0,0,0,0, '',0,0,0,0,0, 12340),
(@GEM+130,3,1,-1, 'Phoenix Solid Majestic Zircon',56636,4,0,0,1,360000,90000,0,-1,-1,80,0,0,0,0,0,0,331,5,0,1,0,0,0,0,0,0,0,0,0,0,0,0,0,0,0,0,0,0,0,0,0,0,0,0,0,0,0,0,0,0,0,0,0,0,0,0,0,0,0,0,0,0,0,0,-1,0,-1,0,0,0,0,-1,0,-1,0,0,0,0,-1,0,-1,0,0,0,0,-1,0,-1,0,0,0,0,-1,0,-1,0, 'Matches a Blue Socket. values doubled',0,0,0,0,0,4,0,0,0,0,0,0,0,0,512,0,0,0,0,0,0,0,0,4053,-1,0,0,0,0, '',0,0,0,0,0, 12340),
(@GEM+131,3,1,-1, 'Phoenix Sparkling Majestic Zircon',56636,4,0,0,1,360000,90000,0,-1,-1,80,0,0,0,0,0,0,331,5,0,1,0,0,0,0,0,0,0,0,0,0,0,0,0,0,0,0,0,0,0,0,0,0,0,0,0,0,0,0,0,0,0,0,0,0,0,0,0,0,0,0,0,0,0,0,-1,0,-1,0,0,0,0,-1,0,-1,0,0,0,0,-1,0,-1,0,0,0,0,-1,0,-1,0,0,0,0,-1,0,-1,0, 'Matches a Blue Socket. values doubled',0,0,0,0,0,4,0,0,0,0,0,0,0,0,512,0,0,0,0,0,0,0,0,4054,-1,0,0,0,0, '',0,0,0,0,0, 12340),
(@GEM+132,3,1,-1, 'Phoenix Lustrous Majestic Zircon',56636,4,0,0,1,360000,90000,0,-1,-1,80,0,0,0,0,0,0,331,5,0,1,0,0,0,0,0,0,0,0,0,0,0,0,0,0,0,0,0,0,0,0,0,0,0,0,0,0,0,0,0,0,0,0,0,0,0,0,0,0,0,0,0,0,0,0,-1,0,-1,0,0,0,0,-1,0,-1,0,0,0,0,-1,0,-1,0,0,0,0,-1,0,-1,0,0,0,0,-1,0,-1,0, 'Matches a Blue Socket. values doubled',0,0,0,0,0,4,0,0,0,0,0,0,0,0,512,0,0,0,0,0,0,0,0,4055,-1,0,0,0,0, '',0,0,0,0,0, 12340),
(@GEM+133,3,1,-1, 'Phoenix Stormy Majestic Zircon',56636,4,0,0,1,360000,90000,0,-1,-1,80,0,0,0,0,0,0,331,5,0,1,0,0,0,0,0,0,0,0,0,0,0,0,0,0,0,0,0,0,0,0,0,0,0,0,0,0,0,0,0,0,0,0,0,0,0,0,0,0,0,0,0,0,0,0,-1,0,-1,0,0,0,0,-1,0,-1,0,0,0,0,-1,0,-1,0,0,0,0,-1,0,-1,0,0,0,0,-1,0,-1,0, 'Matches a Blue Socket. values doubled',0,0,0,0,0,4,0,0,0,0,0,0,0,0,512,0,0,0,0,0,0,0,0,4056,-1,0,0,0,0, '',0,0,0,0,0, 12340),
(@GEM+134,3,2,-1, 'Phoenix Brilliant King\'s Amber',58714,4,0,0,1,360000,90000,0,-1,-1,80,0,0,0,0,0,0,331,5,0,1,0,0,0,0,0,0,0,0,0,0,0,0,0,0,0,0,0,0,0,0,0,0,0,0,0,0,0,0,0,0,0,0,0,0,0,0,0,0,0,0,0,0,0,0,-1,0,-1,0,0,0,0,-1,0,-1,0,0,0,0,-1,0,-1,0,0,0,0,-1,0,-1,0,0,0,0,-1,0,-1,0, 'Matches a Yellow Socket. values doubled',0,0,0,0,0,4,0,0,0,0,0,0,0,0,512,0,0,0,0,0,0,0,0,4057,-1,0,0,0,0, '',0,0,0,0,0, 12340),
(@GEM+135,3,2,-1, 'Phoenix Smooth King\'s Amber',58714,4,0,0,1,360000,90000,0,-1,-1,80,0,0,0,0,0,0,331,5,0,1,0,0,0,0,0,0,0,0,0,0,0,0,0,0,0,0,0,0,0,0,0,0,0,0,0,0,0,0,0,0,0,0,0,0,0,0,0,0,0,0,0,0,0,0,-1,0,-1,0,0,0,0,-1,0,-1,0,0,0,0,-1,0,-1,0,0,0,0,-1,0,-1,0,0,0,0,-1,0,-1,0, 'Matches a Yellow Socket. values doubled',0,0,0,0,0,4,0,0,0,0,0,0,0,0,512,0,0,0,0,0,0,0,0,4058,-1,0,0,0,0, '',0,0,0,0,0, 12340),
(@GEM+136,3,2,-1, 'Phoenix Rigid King\'s Amber',58714,4,0,0,1,360000,90000,0,-1,-1,80,0,0,0,0,0,0,331,5,0,1,0,0,0,0,0,0,0,0,0,0,0,0,0,0,0,0,0,0,0,0,0,0,0,0,0,0,0,0,0,0,0,0,0,0,0,0,0,0,0,0,0,0,0,0,-1,0,-1,0,0,0,0,-1,0,-1,0,0,0,0,-1,0,-1,0,0,0,0,-1,0,-1,0,0,0,0,-1,0,-1,0, 'Matches a Yellow Socket. values doubled',0,0,0,0,0,4,0,0,0,0,0,0,0,0,512,0,0,0,0,0,0,0,0,4059,-1,0,0,0,0, '',0,0,0,0,0, 12340),
(@GEM+137,3,2,-1, 'Phoenix Thick King\'s Amber',58714,4,0,0,1,360000,90000,0,-1,-1,80,0,0,0,0,0,0,331,5,0,1,0,0,0,0,0,0,0,0,0,0,0,0,0,0,0,0,0,0,0,0,0,0,0,0,0,0,0,0,0,0,0,0,0,0,0,0,0,0,0,0,0,0,0,0,-1,0,-1,0,0,0,0,-1,0,-1,0,0,0,0,-1,0,-1,0,0,0,0,-1,0,-1,0,0,0,0,-1,0,-1,0, 'Matches a Yellow Socket. values doubled',0,0,0,0,0,4,0,0,0,0,0,0,0,0,512,0,0,0,0,0,0,0,0,4060,-1,0,0,0,0, '',0,0,0,0,0, 12340),
(@GEM+138,3,2,-1, 'Phoenix Mystic King\'s Amber',58714,4,0,0,1,360000,90000,0,-1,-1,80,0,0,0,0,0,0,331,5,0,1,0,0,0,0,0,0,0,0,0,0,0,0,0,0,0,0,0,0,0,0,0,0,0,0,0,0,0,0,0,0,0,0,0,0,0,0,0,0,0,0,0,0,0,0,-1,0,-1,0,0,0,0,-1,0,-1,0,0,0,0,-1,0,-1,0,0,0,0,-1,0,-1,0,0,0,0,-1,0,-1,0, 'Matches a Yellow Socket. values doubled',0,0,0,0,0,4,0,0,0,0,0,0,0,0,512,0,0,0,0,0,0,0,0,4061,-1,0,0,0,0, '',0,0,0,0,0, 12340),
(@GEM+139,3,2,-1, 'Phoenix Quick King\'s Amber',58714,4,0,0,1,360000,90000,0,-1,-1,80,0,0,0,0,0,0,331,5,0,1,0,0,0,0,0,0,0,0,0,0,0,0,0,0,0,0,0,0,0,0,0,0,0,0,0,0,0,0,0,0,0,0,0,0,0,0,0,0,0,0,0,0,0,0,-1,0,-1,0,0,0,0,-1,0,-1,0,0,0,0,-1,0,-1,0,0,0,0,-1,0,-1,0,0,0,0,-1,0,-1,0, 'Matches a Yellow Socket. values doubled',0,0,0,0,0,4,0,0,0,0,0,0,0,0,512,0,0,0,0,0,0,0,0,4062,-1,0,0,0,0, '',0,0,0,0,0, 12340),
(@GEM+140,3,3,-1, 'Phoenix Sovereign Dreadstone',60326,4,0,0,1,360000,90000,0,-1,-1,80,0,0,0,0,0,0,331,5,0,1,0,0,0,0,0,0,0,0,0,0,0,0,0,0,0,0,0,0,0,0,0,0,0,0,0,0,0,0,0,0,0,0,0,0,0,0,0,0,0,0,0,0,0,0,-1,0,-1,0,0,0,0,-1,0,-1,0,0,0,0,-1,0,-1,0,0,0,0,-1,0,-1,0,0,0,0,-1,0,-1,0, 'Matches a Red or Blue Socket. values doubled',0,0,0,0,0,4,0,0,0,0,0,0,0,0,512,0,0,0,0,0,0,0,0,4063,-1,0,0,0,0, '',0,0,0,0,0, 12340),
(@GEM+141,3,3,-1, 'Phoenix Shifting Dreadstone',60326,4,0,0,1,360000,90000,0,-1,-1,80,0,0,0,0,0,0,331,5,0,1,0,0,0,0,0,0,0,0,0,0,0,0,0,0,0,0,0,0,0,0,0,0,0,0,0,0,0,0,0,0,0,0,0,0,0,0,0,0,0,0,0,0,0,0,-1,0,-1,0,0,0,0,-1,0,-1,0,0,0,0,-1,0,-1,0,0,0,0,-1,0,-1,0,0,0,0,-1,0,-1,0, 'Matches a Red or Blue Socket. values doubled',0,0,0,0,0,4,0,0,0,0,0,0,0,0,512,0,0,0,0,0,0,0,0,4064,-1,0,0,0,0, '',0,0,0,0,0, 12340),
(@GEM+142,3,3,-1, 'Phoenix Tenuous Dreadstone',60326,4,0,0,1,360000,90000,0,-1,-1,80,0,0,0,0,0,0,331,5,0,1,0,0,0,0,0,0,0,0,0,0,0,0,0,0,0,0,0,0,0,0,0,0,0,0,0,0,0,0,0,0,0,0,0,0,0,0,0,0,0,0,0,0,0,0,-1,0,-1,0,0,0,0,-1,0,-1,0,0,0,0,-1,0,-1,0,0,0,0,-1,0,-1,0,0,0,0,-1,0,-1,0, 'Matches a Red or Blue Socket. values doubled',0,0,0,0,0,4,0,0,0,0,0,0,0,0,512,0,0,0,0,0,0,0,0,4065,-1,0,0,0,0, '',0,0,0,0,0, 12340),
(@GEM+143,3,3,-1, 'Phoenix Glowing Dreadstone',60326,4,0,0,1,360000,90000,0,-1,-1,80,0,0,0,0,0,0,331,5,0,1,0,0,0,0,0,0,0,0,0,0,0,0,0,0,0,0,0,0,0,0,0,0,0,0,0,0,0,0,0,0,0,0,0,0,0,0,0,0,0,0,0,0,0,0,-1,0,-1,0,0,0,0,-1,0,-1,0,0,0,0,-1,0,-1,0,0,0,0,-1,0,-1,0,0,0,0,-1,0,-1,0, 'Matches a Red or Blue Socket. values doubled',0,0,0,0,0,4,0,0,0,0,0,0,0,0,512,0,0,0,0,0,0,0,0,4066,-1,0,0,0,0, '',0,0,0,0,0, 12340),
(@GEM+144,3,3,-1, 'Phoenix Purified Dreadstone',60326,4,0,0,1,360000,90000,0,-1,-1,80,0,0,0,0,0,0,331,5,0,1,0,0,0,0,0,0,0,0,0,0,0,0,0,0,0,0,0,0,0,0,0,0,0,0,0,0,0,0,0,0,0,0,0,0,0,0,0,0,0,0,0,0,0,0,-1,0,-1,0,0,0,0,-1,0,-1,0,0,0,0,-1,0,-1,0,0,0,0,-1,0,-1,0,0,0,0,-1,0,-1,0, 'Matches a Red or Blue Socket. values doubled',0,0,0,0,0,4,0,0,0,0,0,0,0,0,512,0,0,0,0,0,0,0,0,4067,-1,0,0,0,0, '',0,0,0,0,0, 12340),
(@GEM+145,3,3,-1, 'Phoenix Royal Dreadstone',60326,4,0,0,1,360000,90000,0,-1,-1,80,0,0,0,0,0,0,331,5,0,1,0,0,0,0,0,0,0,0,0,0,0,0,0,0,0,0,0,0,0,0,0,0,0,0,0,0,0,0,0,0,0,0,0,0,0,0,0,0,0,0,0,0,0,0,-1,0,-1,0,0,0,0,-1,0,-1,0,0,0,0,-1,0,-1,0,0,0,0,-1,0,-1,0,0,0,0,-1,0,-1,0, 'Matches a Red or Blue Socket. values doubled',0,0,0,0,0,4,0,0,0,0,0,0,0,0,512,0,0,0,0,0,0,0,0,4068,-1,0,0,0,0, '',0,0,0,0,0, 12340),
(@GEM+146,3,3,-1, 'Phoenix Mysterious Dreadstone',60326,4,0,0,1,360000,90000,0,-1,-1,80,0,0,0,0,0,0,331,5,0,1,0,0,0,0,0,0,0,0,0,0,0,0,0,0,0,0,0,0,0,0,0,0,0,0,0,0,0,0,0,0,0,0,0,0,0,0,0,0,0,0,0,0,0,0,-1,0,-1,0,0,0,0,-1,0,-1,0,0,0,0,-1,0,-1,0,0,0,0,-1,0,-1,0,0,0,0,-1,0,-1,0, 'Matches a Red or Blue Socket. values doubled',0,0,0,0,0,4,0,0,0,0,0,0,0,0,512,0,0,0,0,0,0,0,0,4069,-1,0,0,0,0, '',0,0,0,0,0, 12340),
(@GEM+147,3,3,-1, 'Phoenix Balanced Dreadstone',60326,4,0,0,1,360000,90000,0,-1,-1,80,0,0,0,0,0,0,331,5,0,1,0,0,0,0,0,0,0,0,0,0,0,0,0,0,0,0,0,0,0,0,0,0,0,0,0,0,0,0,0,0,0,0,0,0,0,0,0,0,0,0,0,0,0,0,-1,0,-1,0,0,0,0,-1,0,-1,0,0,0,0,-1,0,-1,0,0,0,0,-1,0,-1,0,0,0,0,-1,0,-1,0, 'Matches a Red or Blue Socket. values doubled',0,0,0,0,0,4,0,0,0,0,0,0,0,0,512,0,0,0,0,0,0,0,0,4070,-1,0,0,0,0, '',0,0,0,0,0, 12340),
(@GEM+148,3,3,-1, 'Phoenix Infused Dreadstone',60326,4,0,0,1,360000,90000,0,-1,-1,80,0,0,0,0,0,0,331,5,0,1,0,0,0,0,0,0,0,0,0,0,0,0,0,0,0,0,0,0,0,0,0,0,0,0,0,0,0,0,0,0,0,0,0,0,0,0,0,0,0,0,0,0,0,0,-1,0,-1,0,0,0,0,-1,0,-1,0,0,0,0,-1,0,-1,0,0,0,0,-1,0,-1,0,0,0,0,-1,0,-1,0, 'Matches a Red or Blue Socket. values doubled',0,0,0,0,0,4,0,0,0,0,0,0,0,0,512,0,0,0,0,0,0,0,0,4071,-1,0,0,0,0, '',0,0,0,0,0, 12340),
(@GEM+149,3,3,-1, 'Phoenix Regal Dreadstone',60326,4,0,0,1,360000,90000,0,-1,-1,80,0,0,0,0,0,0,331,5,0,1,0,0,0,0,0,0,0,0,0,0,0,0,0,0,0,0,0,0,0,0,0,0,0,0,0,0,0,0,0,0,0,0,0,0,0,0,0,0,0,0,0,0,0,0,-1,0,-1,0,0,0,0,-1,0,-1,0,0,0,0,-1,0,-1,0,0,0,0,-1,0,-1,0,0,0,0,-1,0,-1,0, 'Matches a Red or Blue Socket. values doubled',0,0,0,0,0,4,0,0,0,0,0,0,0,0,512,0,0,0,0,0,0,0,0,4072,-1,0,0,0,0, '',0,0,0,0,0, 12340),
(@GEM+150,3,3,-1, 'Phoenix Defender\'s Dreadstone',60326,4,0,0,1,360000,90000,0,-1,-1,80,0,0,0,0,0,0,331,5,0,1,0,0,0,0,0,0,0,0,0,0,0,0,0,0,0,0,0,0,0,0,0,0,0,0,0,0,0,0,0,0,0,0,0,0,0,0,0,0,0,0,0,0,0,0,-1,0,-1,0,0,0,0,-1,0,-1,0,0,0,0,-1,0,-1,0,0,0,0,-1,0,-1,0,0,0,0,-1,0,-1,0, 'Matches a Red or Blue Socket. values doubled',0,0,0,0,0,4,0,0,0,0,0,0,0,0,512,0,0,0,0,0,0,0,0,4073,-1,0,0,0,0, '',0,0,0,0,0, 12340),
(@GEM+151,3,3,-1, 'Phoenix Puissant Dreadstone',60326,4,0,0,1,360000,90000,0,-1,-1,80,0,0,0,0,0,0,331,5,0,1,0,0,0,0,0,0,0,0,0,0,0,0,0,0,0,0,0,0,0,0,0,0,0,0,0,0,0,0,0,0,0,0,0,0,0,0,0,0,0,0,0,0,0,0,-1,0,-1,0,0,0,0,-1,0,-1,0,0,0,0,-1,0,-1,0,0,0,0,-1,0,-1,0,0,0,0,-1,0,-1,0, 'Matches a Red or Blue Socket. values doubled',0,0,0,0,0,4,0,0,0,0,0,0,0,0,512,0,0,0,0,0,0,0,0,4074,-1,0,0,0,0, '',0,0,0,0,0, 12340),
(@GEM+152,3,3,-1, 'Phoenix Guardian\'s Dreadstone',60326,4,0,0,1,360000,90000,0,-1,-1,80,0,0,0,0,0,0,331,5,0,1,0,0,0,0,0,0,0,0,0,0,0,0,0,0,0,0,0,0,0,0,0,0,0,0,0,0,0,0,0,0,0,0,0,0,0,0,0,0,0,0,0,0,0,0,-1,0,-1,0,0,0,0,-1,0,-1,0,0,0,0,-1,0,-1,0,0,0,0,-1,0,-1,0,0,0,0,-1,0,-1,0, 'Matches a Red or Blue Socket. values doubled',0,0,0,0,0,4,0,0,0,0,0,0,0,0,512,0,0,0,0,0,0,0,0,4075,-1,0,0,0,0, '',0,0,0,0,0, 12340),
(@GEM+153,3,5,-1, 'Phoenix Inscribed Ametrine',60324,4,0,0,1,360000,90000,0,-1,-1,80,0,0,0,0,0,0,331,5,0,1,0,0,0,0,0,0,0,0,0,0,0,0,0,0,0,0,0,0,0,0,0,0,0,0,0,0,0,0,0,0,0,0,0,0,0,0,0,0,0,0,0,0,0,0,-1,0,-1,0,0,0,0,-1,0,-1,0,0,0,0,-1,0,-1,0,0,0,0,-1,0,-1,0,0,0,0,-1,0,-1,0, 'Matches a Red or Yellow Socket. values doubled',0,0,0,0,0,4,0,0,0,0,0,0,0,0,512,0,0,0,0,0,0,0,0,4076,-1,0,0,0,0, '',0,0,0,0,0, 12340),
(@GEM+154,3,5,-1, 'Phoenix Etched Ametrine',60324,4,0,0,1,360000,90000,0,-1,-1,80,0,0,0,0,0,0,331,5,0,1,0,0,0,0,0,0,0,0,0,0,0,0,0,0,0,0,0,0,0,0,0,0,0,0,0,0,0,0,0,0,0,0,0,0,0,0,0,0,0,0,0,0,0,0,-1,0,-1,0,0,0,0,-1,0,-1,0,0,0,0,-1,0,-1,0,0,0,0,-1,0,-1,0,0,0,0,-1,0,-1,0, 'Matches a Red or Yellow Socket. values doubled',0,0,0,0,0,4,0,0,0,0,0,0,0,0,512,0,0,0,0,0,0,0,0,4077,-1,0,0,0,0, '',0,0,0,0,0, 12340),
(@GEM+155,3,5,-1, 'Phoenix Champion\'s Ametrine',60324,4,0,0,1,360000,90000,0,-1,-1,80,0,0,0,0,0,0,331,5,0,1,0,0,0,0,0,0,0,0,0,0,0,0,0,0,0,0,0,0,0,0,0,0,0,0,0,0,0,0,0,0,0,0,0,0,0,0,0,0,0,0,0,0,0,0,-1,0,-1,0,0,0,0,-1,0,-1,0,0,0,0,-1,0,-1,0,0,0,0,-1,0,-1,0,0,0,0,-1,0,-1,0, 'Matches a Red or Yellow Socket. values doubled',0,0,0,0,0,4,0,0,0,0,0,0,0,0,512,0,0,0,0,0,0,0,0,4078,-1,0,0,0,0, '',0,0,0,0,0, 12340),
(@GEM+156,3,5,-1, 'Phoenix Resplendent Ametrine',60324,4,0,0,1,360000,90000,0,-1,-1,80,0,0,0,0,0,0,331,5,0,1,0,0,0,0,0,0,0,0,0,0,0,0,0,0,0,0,0,0,0,0,0,0,0,0,0,0,0,0,0,0,0,0,0,0,0,0,0,0,0,0,0,0,0,0,-1,0,-1,0,0,0,0,-1,0,-1,0,0,0,0,-1,0,-1,0,0,0,0,-1,0,-1,0,0,0,0,-1,0,-1,0, 'Matches a Red or Yellow Socket. values doubled',0,0,0,0,0,4,0,0,0,0,0,0,0,0,512,0,0,0,0,0,0,0,0,4079,-1,0,0,0,0, '',0,0,0,0,0, 12340),
(@GEM+157,3,5,-1, 'Phoenix Fierce Ametrine',60324,4,0,0,1,360000,90000,0,-1,-1,80,0,0,0,0,0,0,331,5,0,1,0,0,0,0,0,0,0,0,0,0,0,0,0,0,0,0,0,0,0,0,0,0,0,0,0,0,0,0,0,0,0,0,0,0,0,0,0,0,0,0,0,0,0,0,-1,0,-1,0,0,0,0,-1,0,-1,0,0,0,0,-1,0,-1,0,0,0,0,-1,0,-1,0,0,0,0,-1,0,-1,0, 'Matches a Red or Yellow Socket. values doubled',0,0,0,0,0,4,0,0,0,0,0,0,0,0,512,0,0,0,0,0,0,0,0,4080,-1,0,0,0,0, '',0,0,0,0,0, 12340),
(@GEM+158,3,5,-1, 'Phoenix Deadly Ametrine',60324,4,0,0,1,360000,90000,0,-1,-1,80,0,0,0,0,0,0,331,5,0,1,0,0,0,0,0,0,0,0,0,0,0,0,0,0,0,0,0,0,0,0,0,0,0,0,0,0,0,0,0,0,0,0,0,0,0,0,0,0,0,0,0,0,0,0,-1,0,-1,0,0,0,0,-1,0,-1,0,0,0,0,-1,0,-1,0,0,0,0,-1,0,-1,0,0,0,0,-1,0,-1,0, 'Matches a Red or Yellow Socket. values doubled',0,0,0,0,0,4,0,0,0,0,0,0,0,0,512,0,0,0,0,0,0,0,0,4081,-1,0,0,0,0, '',0,0,0,0,0, 12340),
(@GEM+159,3,5,-1, 'Phoenix Glinting Ametrine',60324,4,0,0,1,360000,90000,0,-1,-1,80,0,0,0,0,0,0,331,5,0,1,0,0,0,0,0,0,0,0,0,0,0,0,0,0,0,0,0,0,0,0,0,0,0,0,0,0,0,0,0,0,0,0,0,0,0,0,0,0,0,0,0,0,0,0,-1,0,-1,0,0,0,0,-1,0,-1,0,0,0,0,-1,0,-1,0,0,0,0,-1,0,-1,0,0,0,0,-1,0,-1,0, 'Matches a Red or Yellow Socket. values doubled',0,0,0,0,0,4,0,0,0,0,0,0,0,0,512,0,0,0,0,0,0,0,0,4082,-1,0,0,0,0, '',0,0,0,0,0, 12340),
(@GEM+160,3,5,-1, 'Phoenix Lucent Ametrine',60324,4,0,0,1,360000,90000,0,-1,-1,80,0,0,0,0,0,0,331,5,0,1,0,0,0,0,0,0,0,0,0,0,0,0,0,0,0,0,0,0,0,0,0,0,0,0,0,0,0,0,0,0,0,0,0,0,0,0,0,0,0,0,0,0,0,0,-1,0,-1,0,0,0,0,-1,0,-1,0,0,0,0,-1,0,-1,0,0,0,0,-1,0,-1,0,0,0,0,-1,0,-1,0, 'Matches a Red or Yellow Socket. values doubled',0,0,0,0,0,4,0,0,0,0,0,0,0,0,512,0,0,0,0,0,0,0,0,4083,-1,0,0,0,0, '',0,0,0,0,0, 12340),
(@GEM+161,3,5,-1, 'Phoenix Deft Ametrine',60324,4,0,0,1,360000,90000,0,-1,-1,80,0,0,0,0,0,0,331,5,0,1,0,0,0,0,0,0,0,0,0,0,0,0,0,0,0,0,0,0,0,0,0,0,0,0,0,0,0,0,0,0,0,0,0,0,0,0,0,0,0,0,0,0,0,0,-1,0,-1,0,0,0,0,-1,0,-1,0,0,0,0,-1,0,-1,0,0,0,0,-1,0,-1,0,0,0,0,-1,0,-1,0, 'Matches a Red or Yellow Socket. values doubled',0,0,0,0,0,4,0,0,0,0,0,0,0,0,512,0,0,0,0,0,0,0,0,4084,-1,0,0,0,0, '',0,0,0,0,0, 12340),
(@GEM+162,3,5,-1, 'Phoenix Luminous Ametrine',60324,4,0,0,1,360000,90000,0,-1,-1,80,0,0,0,0,0,0,331,5,0,1,0,0,0,0,0,0,0,0,0,0,0,0,0,0,0,0,0,0,0,0,0,0,0,0,0,0,0,0,0,0,0,0,0,0,0,0,0,0,0,0,0,0,0,0,-1,0,-1,0,0,0,0,-1,0,-1,0,0,0,0,-1,0,-1,0,0,0,0,-1,0,-1,0,0,0,0,-1,0,-1,0, 'Matches a Red or Yellow Socket. values doubled',0,0,0,0,0,4,0,0,0,0,0,0,0,0,512,0,0,0,0,0,0,0,0,4085,-1,0,0,0,0, '',0,0,0,0,0, 12340),
(@GEM+163,3,5,-1, 'Phoenix Potent Ametrine',60324,4,0,0,1,360000,90000,0,-1,-1,80,0,0,0,0,0,0,331,5,0,1,0,0,0,0,0,0,0,0,0,0,0,0,0,0,0,0,0,0,0,0,0,0,0,0,0,0,0,0,0,0,0,0,0,0,0,0,0,0,0,0,0,0,0,0,-1,0,-1,0,0,0,0,-1,0,-1,0,0,0,0,-1,0,-1,0,0,0,0,-1,0,-1,0,0,0,0,-1,0,-1,0, 'Matches a Red or Yellow Socket. values doubled',0,0,0,0,0,4,0,0,0,0,0,0,0,0,512,0,0,0,0,0,0,0,0,4086,-1,0,0,0,0, '',0,0,0,0,0, 12340),
(@GEM+164,3,5,-1, 'Phoenix Veiled Ametrine',60324,4,0,0,1,360000,90000,0,-1,-1,80,0,0,0,0,0,0,331,5,0,1,0,0,0,0,0,0,0,0,0,0,0,0,0,0,0,0,0,0,0,0,0,0,0,0,0,0,0,0,0,0,0,0,0,0,0,0,0,0,0,0,0,0,0,0,-1,0,-1,0,0,0,0,-1,0,-1,0,0,0,0,-1,0,-1,0,0,0,0,-1,0,-1,0,0,0,0,-1,0,-1,0, 'Matches a Red or Yellow Socket. values doubled',0,0,0,0,0,4,0,0,0,0,0,0,0,0,512,0,0,0,0,0,0,0,0,4087,-1,0,0,0,0, '',0,0,0,0,0, 12340),
(@GEM+165,3,5,-1, 'Phoenix Durable Ametrine',60324,4,0,0,1,360000,90000,0,-1,-1,80,0,0,0,0,0,0,331,5,0,1,0,0,0,0,0,0,0,0,0,0,0,0,0,0,0,0,0,0,0,0,0,0,0,0,0,0,0,0,0,0,0,0,0,0,0,0,0,0,0,0,0,0,0,0,-1,0,-1,0,0,0,0,-1,0,-1,0,0,0,0,-1,0,-1,0,0,0,0,-1,0,-1,0,0,0,0,-1,0,-1,0, 'Matches a Red or Yellow Socket. values doubled',0,0,0,0,0,4,0,0,0,0,0,0,0,0,512,0,0,0,0,0,0,0,0,4088,-1,0,0,0,0, '',0,0,0,0,0, 12340),
(@GEM+166,3,5,-1, 'Phoenix Reckless Ametrine',60324,4,0,0,1,360000,90000,0,-1,-1,80,0,0,0,0,0,0,331,5,0,1,0,0,0,0,0,0,0,0,0,0,0,0,0,0,0,0,0,0,0,0,0,0,0,0,0,0,0,0,0,0,0,0,0,0,0,0,0,0,0,0,0,0,0,0,-1,0,-1,0,0,0,0,-1,0,-1,0,0,0,0,-1,0,-1,0,0,0,0,-1,0,-1,0,0,0,0,-1,0,-1,0, 'Matches a Red or Yellow Socket. values doubled',0,0,0,0,0,4,0,0,0,0,0,0,0,0,512,0,0,0,0,0,0,0,0,4089,-1,0,0,0,0, '',0,0,0,0,0, 12340),
(@GEM+167,3,5,-1, 'Phoenix Wicked Ametrine',60324,4,0,0,1,360000,90000,0,-1,-1,80,0,0,0,0,0,0,331,5,0,1,0,0,0,0,0,0,0,0,0,0,0,0,0,0,0,0,0,0,0,0,0,0,0,0,0,0,0,0,0,0,0,0,0,0,0,0,0,0,0,0,0,0,0,0,-1,0,-1,0,0,0,0,-1,0,-1,0,0,0,0,-1,0,-1,0,0,0,0,-1,0,-1,0,0,0,0,-1,0,-1,0, 'Matches a Red or Yellow Socket. values doubled',0,0,0,0,0,4,0,0,0,0,0,0,0,0,512,0,0,0,0,0,0,0,0,4090,-1,0,0,0,0, '',0,0,0,0,0, 12340),
(@GEM+168,3,5,-1, 'Phoenix Pristine Ametrine',60324,4,0,0,1,360000,90000,0,-1,-1,80,0,0,0,0,0,0,331,5,0,1,0,0,0,0,0,0,0,0,0,0,0,0,0,0,0,0,0,0,0,0,0,0,0,0,0,0,0,0,0,0,0,0,0,0,0,0,0,0,0,0,0,0,0,0,-1,0,-1,0,0,0,0,-1,0,-1,0,0,0,0,-1,0,-1,0,0,0,0,-1,0,-1,0,0,0,0,-1,0,-1,0, 'Matches a Red or Yellow Socket. values doubled',0,0,0,0,0,4,0,0,0,0,0,0,0,0,512,0,0,0,0,0,0,0,0,4091,-1,0,0,0,0, '',0,0,0,0,0, 12340),
(@GEM+169,3,5,-1, 'Phoenix Empowered Ametrine',60324,4,0,0,1,360000,90000,0,-1,-1,80,0,0,0,0,0,0,331,5,0,1,0,0,0,0,0,0,0,0,0,0,0,0,0,0,0,0,0,0,0,0,0,0,0,0,0,0,0,0,0,0,0,0,0,0,0,0,0,0,0,0,0,0,0,0,-1,0,-1,0,0,0,0,-1,0,-1,0,0,0,0,-1,0,-1,0,0,0,0,-1,0,-1,0,0,0,0,-1,0,-1,0, 'Matches a Red or Yellow Socket. values doubled',0,0,0,0,0,4,0,0,0,0,0,0,0,0,512,0,0,0,0,0,0,0,0,4092,-1,0,0,0,0, '',0,0,0,0,0, 12340),
(@GEM+170,3,5,-1, 'Phoenix Stark Ametrine',60324,4,0,0,1,360000,90000,0,-1,-1,80,0,0,0,0,0,0,331,5,0,1,0,0,0,0,0,0,0,0,0,0,0,0,0,0,0,0,0,0,0,0,0,0,0,0,0,0,0,0,0,0,0,0,0,0,0,0,0,0,0,0,0,0,0,0,-1,0,-1,0,0,0,0,-1,0,-1,0,0,0,0,-1,0,-1,0,0,0,0,-1,0,-1,0,0,0,0,-1,0,-1,0, 'Matches a Red or Yellow Socket. values doubled',0,0,0,0,0,4,0,0,0,0,0,0,0,0,512,0,0,0,0,0,0,0,0,4093,-1,0,0,0,0, '',0,0,0,0,0, 12340),
(@GEM+171,3,5,-1, 'Phoenix Stalwart Ametrine',60324,4,0,0,1,360000,90000,0,-1,-1,80,0,0,0,0,0,0,331,5,0,1,0,0,0,0,0,0,0,0,0,0,0,0,0,0,0,0,0,0,0,0,0,0,0,0,0,0,0,0,0,0,0,0,0,0,0,0,0,0,0,0,0,0,0,0,-1,0,-1,0,0,0,0,-1,0,-1,0,0,0,0,-1,0,-1,0,0,0,0,-1,0,-1,0,0,0,0,-1,0,-1,0, 'Matches a Red or Yellow Socket. values doubled',0,0,0,0,0,4,0,0,0,0,0,0,0,0,512,0,0,0,0,0,0,0,0,4094,-1,0,0,0,0, '',0,0,0,0,0, 12340),
(@GEM+172,3,5,-1, 'Phoenix Glimmering Ametrine',60324,4,0,0,1,360000,90000,0,-1,-1,80,0,0,0,0,0,0,331,5,0,1,0,0,0,0,0,0,0,0,0,0,0,0,0,0,0,0,0,0,0,0,0,0,0,0,0,0,0,0,0,0,0,0,0,0,0,0,0,0,0,0,0,0,0,0,-1,0,-1,0,0,0,0,-1,0,-1,0,0,0,0,-1,0,-1,0,0,0,0,-1,0,-1,0,0,0,0,-1,0,-1,0, 'Matches a Red or Yellow Socket. values doubled',0,0,0,0,0,4,0,0,0,0,0,0,0,0,512,0,0,0,0,0,0,0,0,4095,-1,0,0,0,0, '',0,0,0,0,0, 12340),
(@GEM+173,3,5,-1, 'Phoenix Accurate Ametrine',60324,4,0,0,1,360000,90000,0,-1,-1,80,0,0,0,0,0,0,331,5,0,1,0,0,0,0,0,0,0,0,0,0,0,0,0,0,0,0,0,0,0,0,0,0,0,0,0,0,0,0,0,0,0,0,0,0,0,0,0,0,0,0,0,0,0,0,-1,0,-1,0,0,0,0,-1,0,-1,0,0,0,0,-1,0,-1,0,0,0,0,-1,0,-1,0,0,0,0,-1,0,-1,0, 'Matches a Red or Yellow Socket. values doubled',0,0,0,0,0,4,0,0,0,0,0,0,0,0,512,0,0,0,0,0,0,0,0,4096,-1,0,0,0,0, '',0,0,0,0,0, 12340),
(@GEM+174,3,5,-1, 'Phoenix Resolute Ametrine',60324,4,0,0,1,360000,90000,0,-1,-1,80,0,0,0,0,0,0,331,5,0,1,0,0,0,0,0,0,0,0,0,0,0,0,0,0,0,0,0,0,0,0,0,0,0,0,0,0,0,0,0,0,0,0,0,0,0,0,0,0,0,0,0,0,0,0,-1,0,-1,0,0,0,0,-1,0,-1,0,0,0,0,-1,0,-1,0,0,0,0,-1,0,-1,0,0,0,0,-1,0,-1,0, 'Matches a Red or Yellow Socket. values doubled',0,0,0,0,0,4,0,0,0,0,0,0,0,0,512,0,0,0,0,0,0,0,0,4097,-1,0,0,0,0, '',0,0,0,0,0, 12340),
(@GEM+175,3,4,-1, 'Phoenix Timeless Eye of Zul',60325,4,0,0,1,360000,90000,0,-1,-1,80,0,0,0,0,0,0,331,5,0,1,0,0,0,0,0,0,0,0,0,0,0,0,0,0,0,0,0,0,0,0,0,0,0,0,0,0,0,0,0,0,0,0,0,0,0,0,0,0,0,0,0,0,0,0,-1,0,-1,0,0,0,0,-1,0,-1,0,0,0,0,-1,0,-1,0,0,0,0,-1,0,-1,0,0,0,0,-1,0,-1,0, 'Matches a Yellow or Blue Socket. values doubled',0,0,0,0,0,4,0,0,0,0,0,0,0,0,512,0,0,0,0,0,0,0,0,4098,-1,0,0,0,0, '',0,0,0,0,0, 12340),
(@GEM+176,3,4,-1, 'Phoenix Jagged Eye of Zul',60325,4,0,0,1,360000,90000,0,-1,-1,80,0,0,0,0,0,0,331,5,0,1,0,0,0,0,0,0,0,0,0,0,0,0,0,0,0,0,0,0,0,0,0,0,0,0,0,0,0,0,0,0,0,0,0,0,0,0,0,0,0,0,0,0,0,0,-1,0,-1,0,0,0,0,-1,0,-1,0,0,0,0,-1,0,-1,0,0,0,0,-1,0,-1,0,0,0,0,-1,0,-1,0, 'Matches a Yellow or Blue Socket. values doubled',0,0,0,0,0,4,0,0,0,0,0,0,0,0,512,0,0,0,0,0,0,0,0,4099,-1,0,0,0,0, '',0,0,0,0,0, 12340),
(@GEM+177,3,4,-1, 'Phoenix Vivid Eye of Zul',60325,4,0,0,1,360000,90000,0,-1,-1,80,0,0,0,0,0,0,331,5,0,1,0,0,0,0,0,0,0,0,0,0,0,0,0,0,0,0,0,0,0,0,0,0,0,0,0,0,0,0,0,0,0,0,0,0,0,0,0,0,0,0,0,0,0,0,-1,0,-1,0,0,0,0,-1,0,-1,0,0,0,0,-1,0,-1,0,0,0,0,-1,0,-1,0,0,0,0,-1,0,-1,0, 'Matches a Yellow or Blue Socket. values doubled',0,0,0,0,0,4,0,0,0,0,0,0,0,0,512,0,0,0,0,0,0,0,0,4100,-1,0,0,0,0, '',0,0,0,0,0, 12340),
(@GEM+178,3,4,-1, 'Phoenix Enduring Eye of Zul',60325,4,0,0,1,360000,90000,0,-1,-1,80,0,0,0,0,0,0,331,5,0,1,0,0,0,0,0,0,0,0,0,0,0,0,0,0,0,0,0,0,0,0,0,0,0,0,0,0,0,0,0,0,0,0,0,0,0,0,0,0,0,0,0,0,0,0,-1,0,-1,0,0,0,0,-1,0,-1,0,0,0,0,-1,0,-1,0,0,0,0,-1,0,-1,0,0,0,0,-1,0,-1,0, 'Matches a Yellow or Blue Socket. values doubled',0,0,0,0,0,4,0,0,0,0,0,0,0,0,512,0,0,0,0,0,0,0,0,4101,-1,0,0,0,0, '',0,0,0,0,0, 12340),
(@GEM+179,3,4,-1, 'Phoenix Steady Eye of Zul',60325,4,0,0,1,360000,90000,0,-1,-1,80,0,0,0,0,0,0,331,5,0,1,0,0,0,0,0,0,0,0,0,0,0,0,0,0,0,0,0,0,0,0,0,0,0,0,0,0,0,0,0,0,0,0,0,0,0,0,0,0,0,0,0,0,0,0,-1,0,-1,0,0,0,0,-1,0,-1,0,0,0,0,-1,0,-1,0,0,0,0,-1,0,-1,0,0,0,0,-1,0,-1,0, 'Matches a Yellow or Blue Socket. values doubled',0,0,0,0,0,4,0,0,0,0,0,0,0,0,512,0,0,0,0,0,0,0,0,4102,-1,0,0,0,0, '',0,0,0,0,0, 12340),
(@GEM+180,3,4,-1, 'Phoenix Forceful Eye of Zul',60325,4,0,0,1,360000,90000,0,-1,-1,80,0,0,0,0,0,0,331,5,0,1,0,0,0,0,0,0,0,0,0,0,0,0,0,0,0,0,0,0,0,0,0,0,0,0,0,0,0,0,0,0,0,0,0,0,0,0,0,0,0,0,0,0,0,0,-1,0,-1,0,0,0,0,-1,0,-1,0,0,0,0,-1,0,-1,0,0,0,0,-1,0,-1,0,0,0,0,-1,0,-1,0, 'Matches a Yellow or Blue Socket. values doubled',0,0,0,0,0,4,0,0,0,0,0,0,0,0,512,0,0,0,0,0,0,0,0,4103,-1,0,0,0,0, '',0,0,0,0,0, 12340),
(@GEM+181,3,4,-1, 'Phoenix Seer\'s Eye of Zul',60325,4,0,0,1,360000,90000,0,-1,-1,80,0,0,0,0,0,0,331,5,0,1,0,0,0,0,0,0,0,0,0,0,0,0,0,0,0,0,0,0,0,0,0,0,0,0,0,0,0,0,0,0,0,0,0,0,0,0,0,0,0,0,0,0,0,0,-1,0,-1,0,0,0,0,-1,0,-1,0,0,0,0,-1,0,-1,0,0,0,0,-1,0,-1,0,0,0,0,-1,0,-1,0, 'Matches a Yellow or Blue Socket. values doubled',0,0,0,0,0,4,0,0,0,0,0,0,0,0,512,0,0,0,0,0,0,0,0,4104,-1,0,0,0,0, '',0,0,0,0,0, 12340),
(@GEM+182,3,4,-1, 'Phoenix Misty Eye of Zul',60325,4,0,0,1,360000,90000,0,-1,-1,80,0,0,0,0,0,0,331,5,0,1,0,0,0,0,0,0,0,0,0,0,0,0,0,0,0,0,0,0,0,0,0,0,0,0,0,0,0,0,0,0,0,0,0,0,0,0,0,0,0,0,0,0,0,0,-1,0,-1,0,0,0,0,-1,0,-1,0,0,0,0,-1,0,-1,0,0,0,0,-1,0,-1,0,0,0,0,-1,0,-1,0, 'Matches a Yellow or Blue Socket. values doubled',0,0,0,0,0,4,0,0,0,0,0,0,0,0,512,0,0,0,0,0,0,0,0,4105,-1,0,0,0,0, '',0,0,0,0,0, 12340),
(@GEM+183,3,4,-1, 'Phoenix Shining Eye of Zul',60325,4,0,0,1,360000,90000,0,-1,-1,80,0,0,0,0,0,0,331,5,0,1,0,0,0,0,0,0,0,0,0,0,0,0,0,0,0,0,0,0,0,0,0,0,0,0,0,0,0,0,0,0,0,0,0,0,0,0,0,0,0,0,0,0,0,0,-1,0,-1,0,0,0,0,-1,0,-1,0,0,0,0,-1,0,-1,0,0,0,0,-1,0,-1,0,0,0,0,-1,0,-1,0, 'Matches a Yellow or Blue Socket. values doubled',0,0,0,0,0,4,0,0,0,0,0,0,0,0,512,0,0,0,0,0,0,0,0,4106,-1,0,0,0,0, '',0,0,0,0,0, 12340),
(@GEM+184,3,4,-1, 'Phoenix Turbid Eye of Zul',60325,4,0,0,1,360000,90000,0,-1,-1,80,0,0,0,0,0,0,331,5,0,1,0,0,0,0,0,0,0,0,0,0,0,0,0,0,0,0,0,0,0,0,0,0,0,0,0,0,0,0,0,0,0,0,0,0,0,0,0,0,0,0,0,0,0,0,-1,0,-1,0,0,0,0,-1,0,-1,0,0,0,0,-1,0,-1,0,0,0,0,-1,0,-1,0,0,0,0,-1,0,-1,0, 'Matches a Yellow or Blue Socket. values doubled',0,0,0,0,0,4,0,0,0,0,0,0,0,0,512,0,0,0,0,0,0,0,0,4107,-1,0,0,0,0, '',0,0,0,0,0, 12340),
(@GEM+185,3,4,-1, 'Phoenix Intricate Eye of Zul',60325,4,0,0,1,360000,90000,0,-1,-1,80,0,0,0,0,0,0,331,5,0,1,0,0,0,0,0,0,0,0,0,0,0,0,0,0,0,0,0,0,0,0,0,0,0,0,0,0,0,0,0,0,0,0,0,0,0,0,0,0,0,0,0,0,0,0,-1,0,-1,0,0,0,0,-1,0,-1,0,0,0,0,-1,0,-1,0,0,0,0,-1,0,-1,0,0,0,0,-1,0,-1,0, 'Matches a Yellow or Blue Socket. values doubled',0,0,0,0,0,4,0,0,0,0,0,0,0,0,512,0,0,0,0,0,0,0,0,4108,-1,0,0,0,0, '',0,0,0,0,0, 12340),
(@GEM+186,3,4,-1, 'Phoenix Dazzling Eye of Zul',60325,4,0,0,1,360000,90000,0,-1,-1,80,0,0,0,0,0,0,331,5,0,1,0,0,0,0,0,0,0,0,0,0,0,0,0,0,0,0,0,0,0,0,0,0,0,0,0,0,0,0,0,0,0,0,0,0,0,0,0,0,0,0,0,0,0,0,-1,0,-1,0,0,0,0,-1,0,-1,0,0,0,0,-1,0,-1,0,0,0,0,-1,0,-1,0,0,0,0,-1,0,-1,0, 'Matches a Yellow or Blue Socket. values doubled',0,0,0,0,0,4,0,0,0,0,0,0,0,0,512,0,0,0,0,0,0,0,0,4109,-1,0,0,0,0, '',0,0,0,0,0, 12340),
(@GEM+187,3,4,-1, 'Phoenix Sundered Eye of Zul',60325,4,0,0,1,360000,90000,0,-1,-1,80,0,0,0,0,0,0,331,5,0,1,0,0,0,0,0,0,0,0,0,0,0,0,0,0,0,0,0,0,0,0,0,0,0,0,0,0,0,0,0,0,0,0,0,0,0,0,0,0,0,0,0,0,0,0,-1,0,-1,0,0,0,0,-1,0,-1,0,0,0,0,-1,0,-1,0,0,0,0,-1,0,-1,0,0,0,0,-1,0,-1,0, 'Matches a Yellow or Blue Socket. values doubled',0,0,0,0,0,4,0,0,0,0,0,0,0,0,512,0,0,0,0,0,0,0,0,4110,-1,0,0,0,0, '',0,0,0,0,0, 12340),
(@GEM+188,3,4,-1, 'Phoenix Lambent Eye of Zul',60325,4,0,0,1,360000,90000,0,-1,-1,80,0,0,0,0,0,0,331,5,0,1,0,0,0,0,0,0,0,0,0,0,0,0,0,0,0,0,0,0,0,0,0,0,0,0,0,0,0,0,0,0,0,0,0,0,0,0,0,0,0,0,0,0,0,0,-1,0,-1,0,0,0,0,-1,0,-1,0,0,0,0,-1,0,-1,0,0,0,0,-1,0,-1,0,0,0,0,-1,0,-1,0, 'Matches a Yellow or Blue Socket. values doubled',0,0,0,0,0,4,0,0,0,0,0,0,0,0,512,0,0,0,0,0,0,0,0,4111,-1,0,0,0,0, '',0,0,0,0,0, 12340),
(@GEM+189,3,4,-1, 'Phoenix Opaque Eye of Zul',60325,4,0,0,1,360000,90000,0,-1,-1,80,0,0,0,0,0,0,331,5,0,1,0,0,0,0,0,0,0,0,0,0,0,0,0,0,0,0,0,0,0,0,0,0,0,0,0,0,0,0,0,0,0,0,0,0,0,0,0,0,0,0,0,0,0,0,-1,0,-1,0,0,0,0,-1,0,-1,0,0,0,0,-1,0,-1,0,0,0,0,-1,0,-1,0,0,0,0,-1,0,-1,0, 'Matches a Yellow or Blue Socket. values doubled',0,0,0,0,0,4,0,0,0,0,0,0,0,0,512,0,0,0,0,0,0,0,0,4112,-1,0,0,0,0, '',0,0,0,0,0, 12340),
(@GEM+190,3,4,-1, 'Phoenix Energized Eye of Zul',60325,4,0,0,1,360000,90000,0,-1,-1,80,0,0,0,0,0,0,331,5,0,1,0,0,0,0,0,0,0,0,0,0,0,0,0,0,0,0,0,0,0,0,0,0,0,0,0,0,0,0,0,0,0,0,0,0,0,0,0,0,0,0,0,0,0,0,-1,0,-1,0,0,0,0,-1,0,-1,0,0,0,0,-1,0,-1,0,0,0,0,-1,0,-1,0,0,0,0,-1,0,-1,0, 'Matches a Yellow or Blue Socket. values doubled',0,0,0,0,0,4,0,0,0,0,0,0,0,0,512,0,0,0,0,0,0,0,0,4113,-1,0,0,0,0, '',0,0,0,0,0, 12340),
(@GEM+191,3,4,-1, 'Phoenix Radiant Eye of Zul',60325,4,0,0,1,360000,90000,0,-1,-1,80,0,0,0,0,0,0,331,5,0,1,0,0,0,0,0,0,0,0,0,0,0,0,0,0,0,0,0,0,0,0,0,0,0,0,0,0,0,0,0,0,0,0,0,0,0,0,0,0,0,0,0,0,0,0,-1,0,-1,0,0,0,0,-1,0,-1,0,0,0,0,-1,0,-1,0,0,0,0,-1,0,-1,0,0,0,0,-1,0,-1,0, 'Matches a Yellow or Blue Socket. values doubled',0,0,0,0,0,4,0,0,0,0,0,0,0,0,512,0,0,0,0,0,0,0,0,4114,-1,0,0,0,0, '',0,0,0,0,0, 12340),
(@GEM+192,3,4,-1, 'Phoenix Tense Eye of Zul',60325,4,0,0,1,360000,90000,0,-1,-1,80,0,0,0,0,0,0,331,5,0,1,0,0,0,0,0,0,0,0,0,0,0,0,0,0,0,0,0,0,0,0,0,0,0,0,0,0,0,0,0,0,0,0,0,0,0,0,0,0,0,0,0,0,0,0,-1,0,-1,0,0,0,0,-1,0,-1,0,0,0,0,-1,0,-1,0,0,0,0,-1,0,-1,0,0,0,0,-1,0,-1,0, 'Matches a Yellow or Blue Socket. values doubled',0,0,0,0,0,4,0,0,0,0,0,0,0,0,512,0,0,0,0,0,0,0,0,4115,-1,0,0,0,0, '',0,0,0,0,0, 12340),
(@GEM+193,3,4,-1, 'Phoenix Shattered Eye of Zul',60325,4,0,0,1,360000,90000,0,-1,-1,80,0,0,0,0,0,0,331,5,0,1,0,0,0,0,0,0,0,0,0,0,0,0,0,0,0,0,0,0,0,0,0,0,0,0,0,0,0,0,0,0,0,0,0,0,0,0,0,0,0,0,0,0,0,0,-1,0,-1,0,0,0,0,-1,0,-1,0,0,0,0,-1,0,-1,0,0,0,0,-1,0,-1,0,0,0,0,-1,0,-1,0, 'Matches a Yellow or Blue Socket. values doubled',0,0,0,0,0,4,0,0,0,0,0,0,0,0,512,0,0,0,0,0,0,0,0,4116,-1,0,0,0,0, '',0,0,0,0,0, 12340),
(@GEM+194,3,0,-1, 'Phoenix Bold Dragon\'s Eye',61981,4,65536,0,1,45000,11250,0,-1,-1,80,0,755,350,0,0,0,331,5,0,1,0,0,0,0,0,0,0,0,0,0,0,0,0,0,0,0,0,0,0,0,0,0,0,0,0,0,0,0,0,0,0,0,0,0,0,0,0,0,0,0,0,0,0,0,-1,0,-1,0,0,0,0,-1,0,-1,0,0,0,0,-1,0,-1,0,0,0,0,-1,0,-1,0,0,0,0,-1,0,-1,1, 'Matches a Red socket. values doubled',0,0,0,0,0,4,0,0,0,0,0,0,0,0,512,0,0,0,0,0,0,0,0,4268,-1,0,0,2,0, '',0,0,0,0,0, 12340),
(@GEM+195,3,0,-1, 'Phoenix Delicate Dragon\'s Eye',61981,4,65536,0,1,45000,11250,0,-1,-1,80,0,755,350,0,0,0,331,5,0,1,0,0,0,0,0,0,0,0,0,0,0,0,0,0,0,0,0,0,0,0,0,0,0,0,0,0,0,0,0,0,0,0,0,0,0,0,0,0,0,0,0,0,0,0,-1,0,-1,0,0,0,0,-1,0,-1,0,0,0,0,-1,0,-1,0,0,0,0,-1,0,-1,0,0,0,0,-1,0,-1,1, 'Matches a Red socket. values doubled',0,0,0,0,0,4,0,0,0,0,0,0,0,0,512,0,0,0,0,0,0,0,0,4269,-1,0,0,2,0, '',0,0,0,0,0, 12340),
(@GEM+196,3,0,-1, 'Phoenix Runed Dragon\'s Eye',61981,4,65536,0,1,45000,11250,0,-1,-1,80,0,755,350,0,0,0,331,5,0,1,0,0,0,0,0,0,0,0,0,0,0,0,0,0,0,0,0,0,0,0,0,0,0,0,0,0,0,0,0,0,0,0,0,0,0,0,0,0,0,0,0,0,0,0,-1,0,-1,0,0,0,0,-1,0,-1,0,0,0,0,-1,0,-1,0,0,0,0,-1,0,-1,0,0,0,0,-1,0,-1,1, 'Matches a Red socket. values doubled',0,0,0,0,0,4,0,0,0,0,0,0,0,0,512,0,0,0,0,0,0,0,0,4270,-1,0,0,2,0, '',0,0,0,0,0, 12340),
(@GEM+197,3,1,-1, 'Phoenix Sparkling Dragon\'s Eye',61982,4,65536,0,1,45000,11250,0,-1,-1,80,0,755,350,0,0,0,331,5,0,1,0,0,0,0,0,0,0,0,0,0,0,0,0,0,0,0,0,0,0,0,0,0,0,0,0,0,0,0,0,0,0,0,0,0,0,0,0,0,0,0,0,0,0,0,-1,0,-1,0,0,0,0,-1,0,-1,0,0,0,0,-1,0,-1,0,0,0,0,-1,0,-1,0,0,0,0,-1,0,-1,1, 'Matches a Blue socket. values doubled',0,0,0,0,0,4,0,0,0,0,0,0,0,0,512,0,0,0,0,0,0,0,0,4271,-1,0,0,2,0, '',0,0,0,0,0, 12340),
(@GEM+198,3,1,-1, 'Phoenix Lustrous Dragon\'s Eye',61982,4,65536,0,1,45000,11250,0,-1,-1,80,0,755,350,0,0,0,331,5,0,1,0,0,0,0,0,0,0,0,0,0,0,0,0,0,0,0,0,0,0,0,0,0,0,0,0,0,0,0,0,0,0,0,0,0,0,0,0,0,0,0,0,0,0,0,-1,0,-1,0,0,0,0,-1,0,-1,0,0,0,0,-1,0,-1,0,0,0,0,-1,0,-1,0,0,0,0,-1,0,-1,1, 'Matches a Blue socket. values doubled',0,0,0,0,0,4,0,0,0,0,0,0,0,0,512,0,0,0,0,0,0,0,0,4272,-1,0,0,2,0, '',0,0,0,0,0, 12340),
(@GEM+199,3,2,-1, 'Phoenix Smooth Dragon\'s Eye',61983,4,65536,0,1,45000,11250,0,-1,-1,80,0,755,350,0,0,0,331,5,0,1,0,0,0,0,0,0,0,0,0,0,0,0,0,0,0,0,0,0,0,0,0,0,0,0,0,0,0,0,0,0,0,0,0,0,0,0,0,0,0,0,0,0,0,0,-1,0,-1,0,0,0,0,-1,0,-1,0,0,0,0,-1,0,-1,0,0,0,0,-1,0,-1,0,0,0,0,-1,0,-1,1, 'Matches a Yellow socket. values doubled',0,0,0,0,0,4,0,0,0,0,0,0,0,0,512,0,0,0,0,0,0,0,0,4274,-1,0,0,2,0, '',0,0,0,0,0, 12340),
(@GEM+200,3,2,-1, 'Phoenix Quick Dragon\'s Eye',61983,4,65536,0,1,45000,11250,0,-1,-1,80,0,755,350,0,0,0,331,5,0,1,0,0,0,0,0,0,0,0,0,0,0,0,0,0,0,0,0,0,0,0,0,0,0,0,0,0,0,0,0,0,0,0,0,0,0,0,0,0,0,0,0,0,0,0,-1,0,-1,0,0,0,0,-1,0,-1,0,0,0,0,-1,0,-1,0,0,0,0,-1,0,-1,0,0,0,0,-1,0,-1,1, 'Matches a Yellow socket. values doubled',0,0,0,0,0,4,0,0,0,0,0,0,0,0,512,0,0,0,0,0,0,0,0,4275,-1,0,0,2,0, '',0,0,0,0,0, 12340),
(@GEM+201,3,0,-1, 'Phoenix Subtle Dragon\'s Eye',61981,4,65536,0,1,45000,11250,0,-1,-1,80,0,755,350,0,0,0,331,5,0,1,0,0,0,0,0,0,0,0,0,0,0,0,0,0,0,0,0,0,0,0,0,0,0,0,0,0,0,0,0,0,0,0,0,0,0,0,0,0,0,0,0,0,0,0,-1,0,-1,0,0,0,0,-1,0,-1,0,0,0,0,-1,0,-1,0,0,0,0,-1,0,-1,0,0,0,0,-1,0,-1,1, 'Matches a Red socket. values doubled',0,0,0,0,0,4,0,0,0,0,0,0,0,0,512,0,0,0,0,0,0,0,0,4276,-1,0,0,2,0, '',0,0,0,0,0, 12340),
(@GEM+202,3,0,-1, 'Phoenix Flashing Dragon\'s Eye',61981,4,65536,0,1,45000,11250,0,-1,-1,80,0,755,350,0,0,0,331,5,0,1,0,0,0,0,0,0,0,0,0,0,0,0,0,0,0,0,0,0,0,0,0,0,0,0,0,0,0,0,0,0,0,0,0,0,0,0,0,0,0,0,0,0,0,0,-1,0,-1,0,0,0,0,-1,0,-1,0,0,0,0,-1,0,-1,0,0,0,0,-1,0,-1,0,0,0,0,-1,0,-1,1, 'Matches a Red socket. values doubled',0,0,0,0,0,4,0,0,0,0,0,0,0,0,512,0,0,0,0,0,0,0,0,4277,-1,0,0,2,0, '',0,0,0,0,0, 12340),
(@GEM+203,3,0,-1, 'Phoenix Fractured Dragon\'s Eye',61981,4,65536,0,1,45000,11250,0,-1,-1,80,0,755,350,0,0,0,331,5,0,1,0,0,0,0,0,0,0,0,0,0,0,0,0,0,0,0,0,0,0,0,0,0,0,0,0,0,0,0,0,0,0,0,0,0,0,0,0,0,0,0,0,0,0,0,-1,0,-1,0,0,0,0,-1,0,-1,0,0,0,0,-1,0,-1,0,0,0,0,-1,0,-1,0,0,0,0,-1,0,-1,1, 'Matches a Red socket. values doubled',0,0,0,0,0,4,0,0,0,0,0,0,0,0,512,0,0,0,0,0,0,0,0,4278,-1,0,0,2,0, '',0,0,0,0,0, 12340),
(@GEM+204,3,0,-1, 'Phoenix Precise Dragon\'s Eye',61981,4,65536,0,1,45000,11250,0,-1,-1,80,0,755,350,0,0,0,331,5,0,1,0,0,0,0,0,0,0,0,0,0,0,0,0,0,0,0,0,0,0,0,0,0,0,0,0,0,0,0,0,0,0,0,0,0,0,0,0,0,0,0,0,0,0,0,-1,0,-1,0,0,0,0,-1,0,-1,0,0,0,0,-1,0,-1,0,0,0,0,-1,0,-1,0,0,0,0,-1,0,-1,1, 'Matches a Red socket. values doubled',0,0,0,0,0,4,0,0,0,0,0,0,0,0,512,0,0,0,0,0,0,0,0,4279,-1,0,0,2,0, '',0,0,0,0,0, 12340),
(@GEM+205,3,1,-1, 'Phoenix Stormy Dragon\'s Eye',61982,4,65536,0,1,45000,11250,0,-1,-1,80,0,755,350,0,0,0,331,5,0,1,0,0,0,0,0,0,0,0,0,0,0,0,0,0,0,0,0,0,0,0,0,0,0,0,0,0,0,0,0,0,0,0,0,0,0,0,0,0,0,0,0,0,0,0,-1,0,-1,0,0,0,0,-1,0,-1,0,0,0,0,-1,0,-1,0,0,0,0,-1,0,-1,0,0,0,0,-1,0,-1,1, 'Matches a Blue socket. values doubled',0,0,0,0,0,4,0,0,0,0,0,0,0,0,512,0,0,0,0,0,0,0,0,4280,-1,0,0,2,0, '',0,0,0,0,0, 12340),
(@GEM+206,3,2,-1, 'Phoenix Rigid Dragon\'s Eye',61983,4,65536,0,1,45000,11250,0,-1,-1,80,0,755,350,0,0,0,331,5,0,1,0,0,0,0,0,0,0,0,0,0,0,0,0,0,0,0,0,0,0,0,0,0,0,0,0,0,0,0,0,0,0,0,0,0,0,0,0,0,0,0,0,0,0,0,-1,0,-1,0,0,0,0,-1,0,-1,0,0,0,0,-1,0,-1,0,0,0,0,-1,0,-1,0,0,0,0,-1,0,-1,1, 'Matches a Yellow socket. values doubled',0,0,0,0,0,4,0,0,0,0,0,0,0,0,512,0,0,0,0,0,0,0,0,4281,-1,0,0,2,0, '',0,0,0,0,0, 12340),
(@GEM+207,3,2,-1, 'Phoenix Thick Dragon\'s Eye',61983,4,65536,0,1,45000,11250,0,-1,-1,80,0,755,350,0,0,0,331,5,0,1,0,0,0,0,0,0,0,0,0,0,0,0,0,0,0,0,0,0,0,0,0,0,0,0,0,0,0,0,0,0,0,0,0,0,0,0,0,0,0,0,0,0,0,0,-1,0,-1,0,0,0,0,-1,0,-1,0,0,0,0,-1,0,-1,0,0,0,0,-1,0,-1,0,0,0,0,-1,0,-1,1, 'Matches a Yellow socket. values doubled',0,0,0,0,0,4,0,0,0,0,0,0,0,0,512,0,0,0,0,0,0,0,0,4282,-1,0,0,2,0, '',0,0,0,0,0, 12340),
(@GEM+208,3,2,-1, 'Phoenix Mystic Dragon\'s Eye',61983,4,65536,0,1,45000,11250,0,-1,-1,80,0,755,350,0,0,0,331,5,0,1,0,0,0,0,0,0,0,0,0,0,0,0,0,0,0,0,0,0,0,0,0,0,0,0,0,0,0,0,0,0,0,0,0,0,0,0,0,0,0,0,0,0,0,0,-1,0,-1,0,0,0,0,-1,0,-1,0,0,0,0,-1,0,-1,0,0,0,0,-1,0,-1,0,0,0,0,-1,0,-1,1, 'Matches a Yellow socket. values doubled',0,0,0,0,0,4,0,0,0,0,0,0,0,0,512,0,0,0,0,0,0,0,0,4283,-1,0,0,2,0, '',0,0,0,0,0, 12340),
(@GEM+209,3,2,-1, 'Phoenix Kharmaa\'s Grace',54318,4,528384,0,1,0,0,0,-1,-1,80,0,0,0,0,0,0,331,5,0,1,0,0,0,0,0,0,0,0,0,0,0,0,0,0,0,0,0,0,0,0,0,0,0,0,0,0,0,0,0,0,0,0,0,0,0,0,0,0,0,0,0,0,0,0,-1,0,-1,0,0,0,0,-1,0,-1,0,0,0,0,-1,0,-1,0,0,0,0,-1,0,-1,0,0,0,0,-1,0,-1,0, 'Matches a Yellow Socket. values doubled',0,0,0,0,0,4,0,0,0,0,0,0,0,0,512,0,0,0,0,0,0,0,0,4307,-1,0,0,0,0, '',0,0,0,0,0, 12340),
(@GEM+210,3,0,-1, 'Phoenix Bold Stormjewel',58601,4,0,0,1,45000,11250,0,-1,-1,80,0,0,0,0,0,0,331,5,0,1,0,0,0,0,0,0,0,0,0,0,0,0,0,0,0,0,0,0,0,0,0,0,0,0,0,0,0,0,0,0,0,0,0,0,0,0,0,0,0,0,0,0,0,0,-1,0,-1,0,0,0,0,-1,0,-1,0,0,0,0,-1,0,-1,0,0,0,0,-1,0,-1,0,0,0,0,-1,0,-1,0, 'Matches a Red Socket. values doubled',0,0,0,0,0,4,0,0,0,0,0,0,0,0,512,0,0,0,0,0,0,0,0,4327,-1,0,0,0,0, '',0,0,0,0,0, 12340),
(@GEM+211,3,0,-1, 'Phoenix Delicate Stormjewel',58601,4,0,0,1,45000,11250,0,-1,-1,80,0,0,0,0,0,0,331,5,0,1,0,0,0,0,0,0,0,0,0,0,0,0,0,0,0,0,0,0,0,0,0,0,0,0,0,0,0,0,0,0,0,0,0,0,0,0,0,0,0,0,0,0,0,0,-1,0,-1,0,0,0,0,-1,0,-1,0,0,0,0,-1,0,-1,0,0,0,0,-1,0,-1,0,0,0,0,-1,0,-1,0, 'Matches a Red Socket. values doubled',0,0,0,0,0,4,0,0,0,0,0,0,0,0,512,0,0,0,0,0,0,0,0,4347,-1,0,0,0,0, '',0,0,0,0,0, 12340),
(@GEM+212,3,1,-1, 'Phoenix Solid Stormjewel',56636,4,0,0,1,45000,11250,0,-1,-1,80,0,0,0,0,0,0,331,5,0,1,0,0,0,0,0,0,0,0,0,0,0,0,0,0,0,0,0,0,0,0,0,0,0,0,0,0,0,0,0,0,0,0,0,0,0,0,0,0,0,0,0,0,0,0,-1,0,-1,0,0,0,0,-1,0,-1,0,0,0,0,-1,0,-1,0,0,0,0,-1,0,-1,0,0,0,0,-1,0,-1,0, 'Matches a Blue Socket. values doubled',0,0,0,0,0,4,0,0,0,0,0,0,0,0,512,0,0,0,0,0,0,0,0,4348,-1,0,0,0,0, '',0,0,0,0,0, 12340),
(@GEM+213,3,1,-1, 'Phoenix Sparkling Stormjewel',56636,4,0,0,1,45000,11250,0,-1,-1,80,0,0,0,0,0,0,331,5,0,1,0,0,0,0,0,0,0,0,0,0,0,0,0,0,0,0,0,0,0,0,0,0,0,0,0,0,0,0,0,0,0,0,0,0,0,0,0,0,0,0,0,0,0,0,-1,0,-1,0,0,0,0,-1,0,-1,0,0,0,0,-1,0,-1,0,0,0,0,-1,0,-1,0,0,0,0,-1,0,-1,0, 'Matches a Blue Socket. values doubled',0,0,0,0,0,4,0,0,0,0,0,0,0,0,512,0,0,0,0,0,0,0,0,4349,-1,0,0,0,0, '',0,0,0,0,0, 12340),
(@GEM+214,3,2,-1, 'Phoenix Brilliant Stormjewel',58714,4,0,0,1,45000,11250,0,-1,-1,80,0,0,0,0,0,0,331,5,0,1,0,0,0,0,0,0,0,0,0,0,0,0,0,0,0,0,0,0,0,0,0,0,0,0,0,0,0,0,0,0,0,0,0,0,0,0,0,0,0,0,0,0,0,0,-1,0,-1,0,0,0,0,-1,0,-1,0,0,0,0,-1,0,-1,0,0,0,0,-1,0,-1,0,0,0,0,-1,0,-1,0, 'Matches a Yellow Socket. values doubled',0,0,0,0,0,4,0,0,0,0,0,0,0,0,512,0,0,0,0,0,0,0,0,4350,-1,0,0,0,0, '',0,0,0,0,0, 12340),
(@GEM+215,3,0,-1, 'Phoenix Runed Stormjewel',58601,4,0,0,1,45000,11250,0,-1,-1,80,0,0,0,0,0,0,331,5,0,1,0,0,0,0,0,0,0,0,0,0,0,0,0,0,0,0,0,0,0,0,0,0,0,0,0,0,0,0,0,0,0,0,0,0,0,0,0,0,0,0,0,0,0,0,-1,0,-1,0,0,0,0,-1,0,-1,0,0,0,0,-1,0,-1,0,0,0,0,-1,0,-1,0,0,0,0,-1,0,-1,0, 'Matches a Red Socket. values doubled',0,0,0,0,0,4,0,0,0,0,0,0,0,0,512,0,0,0,0,0,0,0,0,4351,-1,0,0,0,0, '',0,0,0,0,0, 12340),
(@GEM+216,3,2,-1, 'Phoenix Rigid Stormjewel',58714,4,0,0,1,45000,11250,0,-1,-1,80,0,0,0,0,0,0,331,5,0,1,0,0,0,0,0,0,0,0,0,0,0,0,0,0,0,0,0,0,0,0,0,0,0,0,0,0,0,0,0,0,0,0,0,0,0,0,0,0,0,0,0,0,0,0,-1,0,-1,0,0,0,0,-1,0,-1,0,0,0,0,-1,0,-1,0,0,0,0,-1,0,-1,0,0,0,0,-1,0,-1,0, 'Matches a Yellow Socket. values doubled',0,0,0,0,0,4,0,0,0,0,0,0,0,0,512,0,0,0,0,0,0,0,0,4367,-1,0,0,0,0, '',0,0,0,0,0, 12340),
(@GEM+217,3,8,-1, 'Phoenix Nightmare Tear',54314,4,524288,0,1,120000,0,0,-1,-1,80,0,0,0,0,0,0,331,5,0,1,0,0,0,0,0,0,0,0,0,0,0,0,0,0,0,0,0,0,0,0,0,0,0,0,0,0,0,0,0,0,0,0,0,0,0,0,0,0,0,0,0,0,0,0,-1,0,-1,0,0,0,0,-1,0,-1,0,0,0,0,-1,0,-1,0,0,0,0,-1,0,-1,0,0,0,0,-1,0,-1,0, 'Matches any socket. values doubled',0,0,0,0,0,2,0,0,0,0,0,0,0,0,512,0,0,0,0,0,0,0,0,4387,-1,0,0,0,0, '',0,0,0,0,0, 12340);


INSERT INTO `creature_template` (`entry`, `difficulty_entry_1`, `difficulty_entry_2`, `difficulty_entry_3`, `KillCredit1`, `KillCredit2`, `modelid1`, `modelid2`, `modelid3`, `modelid4`, `name`, `subname`, `IconName`, `gossip_menu_id`, `minlevel`, `maxlevel`, `exp`, `faction_A`, `faction_H`, `npcflag`, `speed_walk`, `speed_run`, `scale`, `rank`, `mindmg`, `maxdmg`, `dmgschool`, `attackpower`, `dmg_multiplier`, `baseattacktime`, `rangeattacktime`, `unit_class`, `unit_flags`, `unit_flags2`, `dynamicflags`, `family`, `trainer_type`, `trainer_spell`, `trainer_class`, `trainer_race`, `minrangedmg`, `maxrangedmg`, `rangedattackpower`, `type`, `type_flags`, `lootid`, `pickpocketloot`, `skinloot`, `resistance1`, `resistance2`, `resistance3`, `resistance4`, `resistance5`, `resistance6`, `spell1`, `spell2`, `spell3`, `spell4`, `spell5`, `spell6`, `spell7`, `spell8`, `PetSpellDataId`, `VehicleId`, `mingold`, `maxgold`, `AIName`, `MovementType`, `InhabitType`, `HoverHeight`, `Health_mod`, `Mana_mod`, `Armor_mod`, `RacialLeader`, `questItem1`, `questItem2`, `questItem3`, `questItem4`, `questItem5`, `questItem6`, `movementId`, `RegenHealth`, `mechanic_immune_mask`, `flags_extra`, `ScriptName`, `WDBVerified`) VALUES 
(@VENDOR, 0, 0, 0, 0, 0, 28324, 0, 0, 0, 'Phoenix Gem Vendor', 'Celtic\'s Sweety Pie ', NULL, 0, 83, 83, 0, 35, 35, 128, 1, 1.14286, 0.8, 3, 0, 0, 0, 0, 1, 0, 0, 1, 0, 2048, 0, 0, 0, 0, 0, 0, 0, 0, 0, 0, 0, 0, 0, 0, 0, 0, 0, 0, 0, 0, 0, 0, 0, 0, 0, 0, 0, 0, 0, 0, 0, 0, '', 0, 3, 1, 500, 10, 1, 0, 0, 0, 0, 0, 0, 0, 0, 1, 0, 0, '', 12340);

INSERT INTO `npc_vendor` (`entry`, `slot`, `item`, `maxcount`, `incrtime`, `ExtendedCost`) VALUES 
(@VENDOR,0,@GEM+1,0,0, 2999),
(@VENDOR,0,@GEM+2,0,0, 2999),
(@VENDOR,0,@GEM+3,0,0, 2999),
(@VENDOR,0,@GEM+4,0,0, 2999),
(@VENDOR,0,@GEM+5,0,0, 2999),
(@VENDOR,0,@GEM+6,0,0, 2999),
(@VENDOR,0,@GEM+7,0,0, 2999),
(@VENDOR,0,@GEM+8,0,0, 2999),
(@VENDOR,0,@GEM+9,0,0, 2999),
(@VENDOR,0,@GEM+10,0,0, 2999),
(@VENDOR,0,@GEM+11,0,0, 2999),
(@VENDOR,0,@GEM+12,0,0, 2999),
(@VENDOR,0,@GEM+13,0,0, 2999),
(@VENDOR,0,@GEM+14,0,0, 2999),
(@VENDOR,0,@GEM+15,0,0, 2999),
(@VENDOR,0,@GEM+16,0,0, 2999),
(@VENDOR,0,@GEM+17,0,0, 2999),
(@VENDOR,0,@GEM+18,0,0, 2999),
(@VENDOR,0,@GEM+19,0,0, 2999),
(@VENDOR,0,@GEM+20,0,0, 2999),
(@VENDOR,0,@GEM+21,0,0, 2999),
(@VENDOR,0,@GEM+22,0,0, 2999),
(@VENDOR,0,@GEM+23,0,0, 2999),
(@VENDOR,0,@GEM+24,0,0, 2999),
(@VENDOR,0,@GEM+25,0,0, 2999),
(@VENDOR,0,@GEM+26,0,0, 2999),
(@VENDOR,0,@GEM+27,0,0, 2999),
(@VENDOR,0,@GEM+28,0,0, 2999),
(@VENDOR,0,@GEM+29,0,0, 2999),
(@VENDOR,0,@GEM+30,0,0, 2999),
(@VENDOR,0,@GEM+31,0,0, 2999),
(@VENDOR,0,@GEM+32,0,0, 2999),
(@VENDOR,0,@GEM+33,0,0, 2999),
(@VENDOR,0,@GEM+34,0,0, 2999),
(@VENDOR,0,@GEM+35,0,0, 2999),
(@VENDOR,0,@GEM+36,0,0, 2999),
(@VENDOR,0,@GEM+37,0,0, 2999),
(@VENDOR,0,@GEM+38,0,0, 2999),
(@VENDOR,0,@GEM+39,0,0, 2999),
(@VENDOR,0,@GEM+40,0,0, 2999),
(@VENDOR,0,@GEM+41,0,0, 2999),
(@VENDOR,0,@GEM+42,0,0, 2999),
(@VENDOR,0,@GEM+43,0,0, 2999),
(@VENDOR,0,@GEM+44,0,0, 2999),
(@VENDOR,0,@GEM+45,0,0, 2999),
(@VENDOR,0,@GEM+46,0,0, 2999),
(@VENDOR,0,@GEM+47,0,0, 2999),
(@VENDOR,0,@GEM+48,0,0, 2999),
(@VENDOR,0,@GEM+49,0,0, 2999),
(@VENDOR,0,@GEM+50,0,0, 2999),
(@VENDOR,0,@GEM+51,0,0, 2999),
(@VENDOR,0,@GEM+52,0,0, 2999),
(@VENDOR,0,@GEM+53,0,0, 2999),
(@VENDOR,0,@GEM+54,0,0, 2999),
(@VENDOR,0,@GEM+55,0,0, 2999),
(@VENDOR,0,@GEM+56,0,0, 2999),
(@VENDOR,0,@GEM+57,0,0, 2999),
(@VENDOR,0,@GEM+58,0,0, 2999),
(@VENDOR,0,@GEM+59,0,0, 2999),
(@VENDOR,0,@GEM+60,0,0, 2999),
(@VENDOR,0,@GEM+61,0,0, 2999),
(@VENDOR,0,@GEM+62,0,0, 2999),
(@VENDOR,0,@GEM+63,0,0, 2999),
(@VENDOR,0,@GEM+64,0,0, 2999),
(@VENDOR,0,@GEM+65,0,0, 2999),
(@VENDOR,0,@GEM+66,0,0, 2999),
(@VENDOR,0,@GEM+67,0,0, 2999),
(@VENDOR,0,@GEM+68,0,0, 2999),
(@VENDOR,0,@GEM+69,0,0, 2999),
(@VENDOR,0,@GEM+70,0,0, 2999),
(@VENDOR,0,@GEM+71,0,0, 2999),
(@VENDOR,0,@GEM+72,0,0, 2999),
(@VENDOR,0,@GEM+73,0,0, 2999),
(@VENDOR,0,@GEM+74,0,0, 2999),
(@VENDOR,0,@GEM+75,0,0, 2999),
(@VENDOR,0,@GEM+76,0,0, 2999),
(@VENDOR,0,@GEM+77,0,0, 2999),
(@VENDOR,0,@GEM+78,0,0, 2999),
(@VENDOR,0,@GEM+79,0,0, 2999),
(@VENDOR,0,@GEM+80,0,0, 2999),
(@VENDOR,0,@GEM+81,0,0, 2999),
(@VENDOR,0,@GEM+82,0,0, 2999),
(@VENDOR,0,@GEM+83,0,0, 2999),
(@VENDOR,0,@GEM+84,0,0, 2999),
(@VENDOR,0,@GEM+85,0,0, 2999),
(@VENDOR,0,@GEM+86,0,0, 2999),
(@VENDOR,0,@GEM+87,0,0, 2999),
(@VENDOR,0,@GEM+88,0,0, 2999),
(@VENDOR,0,@GEM+89,0,0, 2999),
(@VENDOR,0,@GEM+90,0,0, 2999),
(@VENDOR,0,@GEM+91,0,0, 2999),
(@VENDOR,0,@GEM+92,0,0, 2999),
(@VENDOR,0,@GEM+93,0,0, 2999),
(@VENDOR,0,@GEM+94,0,0, 2999),
(@VENDOR,0,@GEM+95,0,0, 2999),
(@VENDOR,0,@GEM+96,0,0, 2999),
(@VENDOR,0,@GEM+97,0,0, 2999),
(@VENDOR,0,@GEM+98,0,0, 2999),
(@VENDOR,0,@GEM+99,0,0, 2999),
(@VENDOR,0,@GEM+100,0,0, 2999),
(@VENDOR,0,@GEM+101,0,0, 2999),
(@VENDOR,0,@GEM+102,0,0, 2999),
(@VENDOR,0,@GEM+103,0,0, 2999),
(@VENDOR,0,@GEM+104,0,0, 2999),
(@VENDOR,0,@GEM+105,0,0, 2999),
(@VENDOR,0,@GEM+106,0,0, 2999),
(@VENDOR,0,@GEM+107,0,0, 2999),
(@VENDOR,0,@GEM+108,0,0, 2999),
(@VENDOR,0,@GEM+109,0,0, 2999),
(@VENDOR,0,@GEM+110,0,0, 2999),
(@VENDOR,0,@GEM+111,0,0, 2999),
(@VENDOR,0,@GEM+112,0,0, 2999),
(@VENDOR,0,@GEM+113,0,0, 2999),
(@VENDOR,0,@GEM+114,0,0, 2999),
(@VENDOR,0,@GEM+115,0,0, 2999),
(@VENDOR,0,@GEM+116,0,0, 2999),
(@VENDOR,0,@GEM+117,0,0, 2999),
(@VENDOR,0,@GEM+118,0,0, 2999),
(@VENDOR,0,@GEM+119,0,0, 2999),
(@VENDOR,0,@GEM+120,0,0, 2999),
(@VENDOR,0,@GEM+121,0,0, 2999),
(@VENDOR,0,@GEM+122,0,0, 2999),
(@VENDOR,0,@GEM+123,0,0, 2999),
(@VENDOR,0,@GEM+124,0,0, 2999),
(@VENDOR,0,@GEM+125,0,0, 2999),
(@VENDOR,0,@GEM+126,0,0, 2999),
(@VENDOR,0,@GEM+127,0,0, 2999),
(@VENDOR,0,@GEM+128,0,0, 2999),
(@VENDOR,0,@GEM+129,0,0, 2999),
(@VENDOR,0,@GEM+130,0,0, 2999),
(@VENDOR,0,@GEM+131,0,0, 2999),
(@VENDOR,0,@GEM+132,0,0, 2999),
(@VENDOR,0,@GEM+133,0,0, 2999),
(@VENDOR,0,@GEM+134,0,0, 2999),
(@VENDOR,0,@GEM+135,0,0, 2999),
(@VENDOR,0,@GEM+136,0,0, 2999),
(@VENDOR,0,@GEM+137,0,0, 2999),
(@VENDOR,0,@GEM+138,0,0, 2999),
(@VENDOR,0,@GEM+139,0,0, 2999),
(@VENDOR,0,@GEM+140,0,0, 2999),
(@VENDOR,0,@GEM+141,0,0, 2999),
(@VENDOR,0,@GEM+142,0,0, 2999),
(@VENDOR,0,@GEM+143,0,0, 2999),
(@VENDOR,0,@GEM+144,0,0, 2999),
(@VENDOR,0,@GEM+145,0,0, 2999),
(@VENDOR,0,@GEM+146,0,0, 2999),
(@VENDOR,0,@GEM+147,0,0, 2999),
(@VENDOR,0,@GEM+148,0,0, 2999),
(@VENDOR,0,@GEM+149,0,0, 2999),
(@VENDOR,0,@GEM+150,0,0, 2999),
(@VENDOR,0,@GEM+151,0,0, 2999),
(@VENDOR,0,@GEM+152,0,0, 2999),
(@VENDOR,0,@GEM+153,0,0, 2999),
(@VENDOR,0,@GEM+154,0,0, 2999),
(@VENDOR,0,@GEM+155,0,0, 2999),
(@VENDOR,0,@GEM+156,0,0, 2999),
(@VENDOR,0,@GEM+157,0,0, 2999),
(@VENDOR,0,@GEM+158,0,0, 2999),
(@VENDOR,0,@GEM+159,0,0, 2999),
(@VENDOR,0,@GEM+160,0,0, 2999),
(@VENDOR,0,@GEM+161,0,0, 2999),
(@VENDOR,0,@GEM+162,0,0, 2999),
(@VENDOR,0,@GEM+163,0,0, 2999),
(@VENDOR,0,@GEM+164,0,0, 2999),
(@VENDOR,0,@GEM+165,0,0, 2999),
(@VENDOR,0,@GEM+166,0,0, 2999),
(@VENDOR,0,@GEM+167,0,0, 2999),
(@VENDOR,0,@GEM+168,0,0, 2999),
(@VENDOR,0,@GEM+169,0,0, 2999),
(@VENDOR,0,@GEM+170,0,0, 2999),
(@VENDOR,0,@GEM+171,0,0, 2999),
(@VENDOR,0,@GEM+172,0,0, 2999),
(@VENDOR,0,@GEM+173,0,0, 2999),
(@VENDOR,0,@GEM+174,0,0, 2999),
(@VENDOR,0,@GEM+175,0,0, 2999),
(@VENDOR,0,@GEM+176,0,0, 2999),
(@VENDOR,0,@GEM+177,0,0, 2999),
(@VENDOR,0,@GEM+178,0,0, 2999),
(@VENDOR,0,@GEM+179,0,0, 2999),
(@VENDOR,0,@GEM+180,0,0, 2999),
(@VENDOR,0,@GEM+181,0,0, 2999),
(@VENDOR,0,@GEM+182,0,0, 2999),
(@VENDOR,0,@GEM+183,0,0, 2999),
(@VENDOR,0,@GEM+184,0,0, 2999),
(@VENDOR,0,@GEM+185,0,0, 2999),
(@VENDOR,0,@GEM+186,0,0, 2999),
(@VENDOR,0,@GEM+187,0,0, 2999),
(@VENDOR,0,@GEM+188,0,0, 2999),
(@VENDOR,0,@GEM+189,0,0, 2999),
(@VENDOR,0,@GEM+190,0,0, 2999),
(@VENDOR,0,@GEM+191,0,0, 2999),
(@VENDOR,0,@GEM+192,0,0, 2999),
(@VENDOR,0,@GEM+193,0,0, 2999),
(@VENDOR,0,@GEM+194,0,0, 2999),
(@VENDOR,0,@GEM+195,0,0, 2999),
(@VENDOR,0,@GEM+196,0,0, 2999),
(@VENDOR,0,@GEM+197,0,0, 2999),
(@VENDOR,0,@GEM+198,0,0, 2999),
(@VENDOR,0,@GEM+199,0,0, 2999),
(@VENDOR,0,@GEM+200,0,0, 2999),
(@VENDOR,0,@GEM+201,0,0, 2999),
(@VENDOR,0,@GEM+202,0,0, 2999),
(@VENDOR,0,@GEM+203,0,0, 2999),
(@VENDOR,0,@GEM+204,0,0, 2999),
(@VENDOR,0,@GEM+205,0,0, 2999),
(@VENDOR,0,@GEM+206,0,0, 2999),
(@VENDOR,0,@GEM+207,0,0, 2999),
(@VENDOR,0,@GEM+208,0,0, 2999),
(@VENDOR,0,@GEM+209,0,0, 2999),
(@VENDOR,0,@GEM+210,0,0, 2999),
(@VENDOR,0,@GEM+211,0,0, 2999),
(@VENDOR,0,@GEM+212,0,0, 2999),
(@VENDOR,0,@GEM+213,0,0, 2999),
(@VENDOR,0,@GEM+214,0,0, 2999),
(@VENDOR,0,@GEM+215,0,0, 2999),
(@VENDOR,0,@GEM+216,0,0, 2999);